808755515048 8772815348 1000009412
808755515048 8772815348 1000009497
8772815348 808755515048 1000009457
8772815348 808755515048 1000009498
83887787715148 8772815348 1000009497
8772815348 83887787715148 1000009498
70757887715148 8772815348 1000009497
8772815348 70757887715148 1000009498
83887787715148 808755515048 1000009497
808755515048 83887787715148 1000009498
70757887715148 808755515048 1000009497
808755515048 70757887715148 1000009498
70757887715148 83887787715148 1000009497
83887787715148 70757887715148 1000009498
