67848955805248 82875056805248 1000011410
82875056805248 67848955805248 1000010602
82875056805248 67848955805248 1000011404
86808677755248 82875056805248 1000011400
82875056805248 86808677755248 1000011399
95829055805248 82875056805248 1000010418
95829055805248 82875056805248 1000011406
82875056805248 95829055805248 1000011405
86808677755248 67848955805248 1000011400
67848955805248 86808677755248 1000011399
95829055805248 67848955805248 1000010601
95829055805248 67848955805248 1000011407
67848955805248 95829055805248 1000011412
95829055805248 86808677755248 1000011399
86808677755248 95829055805248 1000011400
