89565172668748 57565172668748 1000010602
89565172668748 57565172668748 1000011404
57565172668748 89565172668748 1000011410
57848882748748 57565172668748 1000011400
57565172668748 57848882748748 1000011399
56745572668748 57565172668748 1000010601
56745572668748 57565172668748 1000011407
57565172668748 56745572668748 1000011412
57848882748748 89565172668748 1000011400
89565172668748 57848882748748 1000011399
56745572668748 89565172668748 1000011405
89565172668748 56745572668748 1000010418
89565172668748 56745572668748 1000011406
56745572668748 57848882748748 1000011399
57848882748748 56745572668748 1000011400
