70568170875448 6783835548 1000007237
70568170875448 67764852725048 1000007237
70568170875448 4988745048 1000007237
67764852725048 6783835548 1000009329
67764852725048 6783835548 1000009332
6783835548 67764852725048 1000009454
6783835548 67764852725048 1000009456
4988745048 6783835548 1000000479
4988745048 6783835548 1000001130
4988745048 6783835548 1000008276
4988745048 6783835548 1000009409
4988745048 6783835548 1000009410
4988745048 6783835548 1000009497
6783835548 4988745048 1000000478
6783835548 4988745048 1000009444
6783835548 4988745048 1000009448
6783835548 4988745048 1000009498
4988745048 67764852725048 1000009454
67764852725048 4988745048 1000009329
