74665375755348 82515375755348 1000010601
74665375755348 82515375755348 1000011407
82515375755348 74665375755348 1000011412
76515375755348 82515375755348 1000010602
76515375755348 82515375755348 1000011404
82515375755348 76515375755348 1000011410
72499549775348 82515375755348 1000011400
82515375755348 72499549775348 1000011399
76515375755348 74665375755348 1000010418
76515375755348 74665375755348 1000011406
74665375755348 76515375755348 1000011405
72499549775348 74665375755348 1000011400
74665375755348 72499549775348 1000011399
72499549775348 76515375755348 1000011400
76515375755348 72499549775348 1000011399
