89535148904948 78557149676748 1000011400
78557149676748 89535148904948 1000011399
89577149676748 78557149676748 1000011405
78557149676748 89577149676748 1000010418
78557149676748 89577149676748 1000011406
53557149676748 78557149676748 1000011412
78557149676748 53557149676748 1000010601
78557149676748 53557149676748 1000011407
89577149676748 89535148904948 1000011399
89535148904948 89577149676748 1000011400
53557149676748 89535148904948 1000011399
89535148904948 53557149676748 1000011400
53557149676748 89577149676748 1000011410
89577149676748 53557149676748 1000010602
89577149676748 53557149676748 1000011404
