95775177535248 72728048685248 1000011400
72728048685248 95775177535248 1000011399
81728048685248 72728048685248 1000010601
81728048685248 72728048685248 1000011407
72728048685248 81728048685248 1000011412
51898048685248 72728048685248 1000010602
51898048685248 72728048685248 1000011404
72728048685248 51898048685248 1000011410
81728048685248 95775177535248 1000011399
95775177535248 81728048685248 1000011400
51898048685248 95775177535248 1000011399
95775177535248 51898048685248 1000011400
51898048685248 81728048685248 1000011405
81728048685248 51898048685248 1000010418
81728048685248 51898048685248 1000011406
