51768048685248 72728048685248 1000010601
51768048685248 72728048685248 1000011407
72728048685248 51768048685248 1000011412
78778048685248 72728048685248 1000010602
78778048685248 72728048685248 1000011404
72728048685248 78778048685248 1000011410
95775177535248 72728048685248 1000011400
72728048685248 95775177535248 1000011399
78778048685248 51768048685248 1000011405
51768048685248 78778048685248 1000010418
51768048685248 78778048685248 1000011406
95775177535248 51768048685248 1000011400
51768048685248 95775177535248 1000011399
95775177535248 78778048685248 1000011400
78778048685248 95775177535248 1000011399
