56824877875148 90808095505248 1000011400
90808095505248 56824877875148 1000011399
67535348515248 90808095505248 1000010601
67535348515248 90808095505248 1000011407
90808095505248 67535348515248 1000011412
76768095505248 90808095505248 1000010602
76768095505248 90808095505248 1000011404
90808095505248 76768095505248 1000011410
67535348515248 56824877875148 1000011399
56824877875148 67535348515248 1000011400
76768095505248 56824877875148 1000011399
56824877875148 76768095505248 1000011400
76768095505248 67535348515248 1000010418
76768095505248 67535348515248 1000011406
67535348515248 76768095505248 1000011405
