77725553765648 82905453765648 1000011405
82905453765648 77725553765648 1000010418
82905453765648 77725553765648 1000011406
95524948 82905453765648 1000011400
82905453765648 95524948 1000011399
95874948 82905453765648 1000011410
82905453765648 95874948 1000010602
82905453765648 95874948 1000011404
95524948 77725553765648 1000011400
77725553765648 95524948 1000011399
95874948 77725553765648 1000011412
77725553765648 95874948 1000010601
77725553765648 95874948 1000011407
95874948 95524948 1000011399
95524948 95874948 1000011400
