82538072865548 80504849495548 1000011399
80504849495548 82538072865548 1000011400
68777872865548 80504849495548 1000011399
80504849495548 68777872865548 1000011400
76677872865548 80504849495548 1000011399
80504849495548 76677872865548 1000011400
68777872865548 82538072865548 1000010418
68777872865548 82538072865548 1000011406
82538072865548 68777872865548 1000011405
76677872865548 82538072865548 1000011410
82538072865548 76677872865548 1000010602
82538072865548 76677872865548 1000011404
76677872865548 68777872865548 1000011412
68777872865548 76677872865548 1000010601
68777872865548 76677872865548 1000011407
