529550825748 518753486848 1000009497
518753486848 529550825748 1000009498
77908395665148 518753486848 1000009497
518753486848 77908395665148 1000009498
7078567048 518753486848 1000009409
7078567048 518753486848 1000009497
518753486848 7078567048 1000009444
518753486848 7078567048 1000009498
77908395665148 529550825748 1000009497
529550825748 77908395665148 1000009498
7078567048 529550825748 1000009498
529550825748 7078567048 1000009497
7078567048 77908395665148 1000009498
77908395665148 7078567048 1000009497
