57558051765648 82905453765648 1000011412
82905453765648 57558051765648 1000010601
82905453765648 57558051765648 1000011407
77725553765648 82905453765648 1000011405
82905453765648 77725553765648 1000010418
82905453765648 77725553765648 1000011406
95524948 82905453765648 1000011400
82905453765648 95524948 1000011399
77725553765648 57558051765648 1000010602
77725553765648 57558051765648 1000011404
57558051765648 77725553765648 1000011410
95524948 57558051765648 1000011400
57558051765648 95524948 1000011399
95524948 77725553765648 1000011400
77725553765648 95524948 1000011399
