95517288535548 53674948 1000010601
95517288535548 53674948 1000010602
95517288535548 53674948 1000011404
95517288535548 53674948 1000011407
53674948 95517288535548 1000011410
53674948 95517288535548 1000011412
958848 53674948 1000011400
53674948 958848 1000011399
67527288535548 53674948 1000010601
67527288535548 53674948 1000010602
67527288535548 53674948 1000011404
67527288535548 53674948 1000011407
53674948 67527288535548 1000011410
53674948 67527288535548 1000011412
958848 95517288535548 1000011400
95517288535548 958848 1000011399
67527288535548 95517288535548 1000011405
95517288535548 67527288535548 1000010418
95517288535548 67527288535548 1000011406
67527288535548 958848 1000011399
958848 67527288535548 1000011400
