808090956848 518753486848 1000009497
518753486848 808090956848 1000009498
77908395665148 518753486848 1000009497
518753486848 77908395665148 1000009498
7078567048 518753486848 1000009409
7078567048 518753486848 1000009497
518753486848 7078567048 1000009444
518753486848 7078567048 1000009498
77908395665148 808090956848 1000009497
808090956848 77908395665148 1000009498
7078567048 808090956848 1000009498
808090956848 7078567048 1000009497
7078567048 77908395665148 1000009498
77908395665148 7078567048 1000009497
