89885274675348 67725274675348 1000010601
89885274675348 67725274675348 1000011407
67725274675348 89885274675348 1000011412
54725274675348 67725274675348 1000010602
54725274675348 67725274675348 1000011404
67725274675348 54725274675348 1000011410
72499549775348 67725274675348 1000011400
67725274675348 72499549775348 1000011399
54725274675348 89885274675348 1000010418
54725274675348 89885274675348 1000011406
89885274675348 54725274675348 1000011405
72499549775348 89885274675348 1000011400
89885274675348 72499549775348 1000011399
72499549775348 54725274675348 1000011400
54725274675348 72499549775348 1000011399
