52827284715148 8772815348 1000009497
8772815348 52827284715148 1000009498
665378864948 8772815348 1000000479
665378864948 8772815348 1000009409
665378864948 8772815348 1000009410
665378864948 8772815348 1000009497
8772815348 665378864948 1000000478
8772815348 665378864948 1000009444
8772815348 665378864948 1000009448
8772815348 665378864948 1000009498
49577284715148 8772815348 1000009497
8772815348 49577284715148 1000009498
665378864948 52827284715148 1000009498
52827284715148 665378864948 1000009497
49577284715148 52827284715148 1000009498
52827284715148 49577284715148 1000009497
49577284715148 665378864948 1000009497
665378864948 49577284715148 1000009498
