72668283495348 89848283495348 1000011410
89848283495348 72668283495348 1000010602
89848283495348 72668283495348 1000011404
56827482495348 89848283495348 1000011400
89848283495348 56827482495348 1000011399
67688283495348 89848283495348 1000010418
67688283495348 89848283495348 1000011406
89848283495348 67688283495348 1000011405
56827482495348 72668283495348 1000011400
72668283495348 56827482495348 1000011399
67688283495348 72668283495348 1000010601
67688283495348 72668283495348 1000011407
72668283495348 67688283495348 1000011412
67688283495348 56827482495348 1000011399
56827482495348 67688283495348 1000011400
