488755675748 8155784948 1000000478
488755675748 8155784948 1000003488
488755675748 8155784948 1000009444
488755675748 8155784948 1000009448
488755675748 8155784948 1000009498
8155784948 488755675748 1000000479
8155784948 488755675748 1000001130
8155784948 488755675748 1000003502
8155784948 488755675748 1000009409
8155784948 488755675748 1000009410
8155784948 488755675748 1000009497
49755150528648 8155784948 1000010474
8155784948 49755150528648 1000009509
8856517648 8155784948 1000009497
8155784948 8856517648 1000009498
49755150528648 488755675748 1000010472
8856517648 488755675748 1000009412
8856517648 488755675748 1000009497
488755675748 8856517648 1000009457
488755675748 8856517648 1000009498
49755150528648 8856517648 1000010440
