77804850565248 72575148685248 1000010418
77804850565248 72575148685248 1000011406
72575148685248 77804850565248 1000011405
95775177535248 72575148685248 1000011400
72575148685248 95775177535248 1000011399
86505080535248 72575148685248 1000011410
86505080535248 72575148685248 1000011412
72575148685248 86505080535248 1000010601
72575148685248 86505080535248 1000010602
72575148685248 86505080535248 1000011404
72575148685248 86505080535248 1000011407
95775177535248 77804850565248 1000011400
77804850565248 95775177535248 1000011399
86505080535248 77804850565248 1000011410
86505080535248 77804850565248 1000011412
77804850565248 86505080535248 1000010601
77804850565248 86505080535248 1000010602
77804850565248 86505080535248 1000011404
77804850565248 86505080535248 1000011407
86505080535248 95775177535248 1000011399
95775177535248 86505080535248 1000011400
