56827482495348 71788283495348 1000011400
71788283495348 56827482495348 1000011399
88819083495348 71788283495348 1000011405
71788283495348 88819083495348 1000010418
71788283495348 88819083495348 1000011406
83537682495348 71788283495348 1000011410
71788283495348 83537682495348 1000010602
71788283495348 83537682495348 1000011404
88819083495348 56827482495348 1000011399
56827482495348 88819083495348 1000011400
83537682495348 56827482495348 1000011399
56827482495348 83537682495348 1000011400
83537682495348 88819083495348 1000011412
88819083495348 83537682495348 1000010601
88819083495348 83537682495348 1000011407
