70568170875448 488755675748 1000007237
70568170875448 8982885048 1000007237
70568170875448 8977788248 1000007237
8982885048 488755675748 1000000479
8982885048 488755675748 1000001130
8982885048 488755675748 1000003502
8982885048 488755675748 1000009409
8982885048 488755675748 1000009410
8982885048 488755675748 1000009497
488755675748 8982885048 1000000478
488755675748 8982885048 1000003488
488755675748 8982885048 1000009444
488755675748 8982885048 1000009448
488755675748 8982885048 1000009498
8977788248 488755675748 1000009497
488755675748 8977788248 1000009498
8977788248 8982885048 1000009497
8982885048 8977788248 1000009498
