89535148904948 78557149676748 1000011400
78557149676748 89535148904948 1000011399
89577149676748 78557149676748 1000011405
78557149676748 89577149676748 1000010418
78557149676748 89577149676748 1000011406
82547149676748 78557149676748 1000011410
78557149676748 82547149676748 1000010602
78557149676748 82547149676748 1000011404
89577149676748 89535148904948 1000011399
89535148904948 89577149676748 1000011400
82547149676748 89535148904948 1000011399
89535148904948 82547149676748 1000011400
82547149676748 89577149676748 1000011412
89577149676748 82547149676748 1000010601
89577149676748 82547149676748 1000011407
