76485749894948 75515154725048 1000011412
75515154725048 76485749894948 1000010601
75515154725048 76485749894948 1000011407
80497587884948 75515154725048 1000011400
75515154725048 80497587884948 1000011399
84515154725048 75515154725048 1000011405
75515154725048 84515154725048 1000010418
75515154725048 84515154725048 1000011406
80497587884948 76485749894948 1000011400
76485749894948 80497587884948 1000011399
84515154725048 76485749894948 1000010602
84515154725048 76485749894948 1000011404
76485749894948 84515154725048 1000011410
84515154725048 80497587884948 1000011399
80497587884948 84515154725048 1000011400
