778176905148 8772815348 1000009412
778176905148 8772815348 1000009497
8772815348 778176905148 1000009457
8772815348 778176905148 1000009498
48685653725148 8772815348 1000009497
8772815348 48685653725148 1000009498
767477894948 8772815348 1000000479
767477894948 8772815348 1000009409
767477894948 8772815348 1000009410
767477894948 8772815348 1000009497
8772815348 767477894948 1000000478
8772815348 767477894948 1000009444
8772815348 767477894948 1000009448
8772815348 767477894948 1000009498
48685653725148 778176905148 1000009497
778176905148 48685653725148 1000009498
767477894948 778176905148 1000009498
778176905148 767477894948 1000009497
767477894948 48685653725148 1000009498
48685653725148 767477894948 1000009497
