83787876715148 68807557955048 1000010602
83787876715148 68807557955048 1000011404
68807557955048 83787876715148 1000011410
77807557955048 68807557955048 1000010601
77807557955048 68807557955048 1000011407
68807557955048 77807557955048 1000011412
55528351955048 68807557955048 1000011400
68807557955048 55528351955048 1000011399
77807557955048 83787876715148 1000010418
77807557955048 83787876715148 1000011406
83787876715148 77807557955048 1000011405
55528351955048 83787876715148 1000011400
83787876715148 55528351955048 1000011399
55528351955048 77807557955048 1000011400
77807557955048 55528351955048 1000011399
