70568170875448 488755675748 1000007237
70568170875448 7176676848 1000007237
70568170875448 7866845348 1000007237
7176676848 488755675748 1000001130
7176676848 488755675748 1000009497
488755675748 7176676848 1000009498
7866845348 488755675748 1000000479
7866845348 488755675748 1000001130
7866845348 488755675748 1000003502
7866845348 488755675748 1000009409
7866845348 488755675748 1000009410
7866845348 488755675748 1000009497
488755675748 7866845348 1000000478
488755675748 7866845348 1000003488
488755675748 7866845348 1000009444
488755675748 7866845348 1000009448
488755675748 7866845348 1000009498
7866845348 7176676848 1000000478
7866845348 7176676848 1000009498
7176676848 7866845348 1000000479
7176676848 7866845348 1000001131
7176676848 7866845348 1000009497
