6748805248 784871504948 1000000478
6748805248 784871504948 1000009498
784871504948 6748805248 1000000479
784871504948 6748805248 1000009497
6895908271484948 784871504948 1000009497
784871504948 6895908271484948 1000009498
7253525148 784871504948 1000009498
784871504948 7253525148 1000009497
6895908271484948 6748805248 1000009497
6748805248 6895908271484948 1000009498
7253525148 6748805248 1000000478
7253525148 6748805248 1000009444
7253525148 6748805248 1000009448
7253525148 6748805248 1000009498
6748805248 7253525148 1000000479
6748805248 7253525148 1000001130
6748805248 7253525148 1000009409
6748805248 7253525148 1000009410
6748805248 7253525148 1000009497
7253525148 6895908271484948 1000009498
6895908271484948 7253525148 1000009497
