70568170875448 6783835548 1000007237
70568170875448 7680745248 1000007237
70568170875448 4988745048 1000007237
7680745248 6783835548 1000001130
7680745248 6783835548 1000009409
7680745248 6783835548 1000009497
6783835548 7680745248 1000009444
6783835548 7680745248 1000009445
6783835548 7680745248 1000009498
4988745048 6783835548 1000000479
4988745048 6783835548 1000001130
4988745048 6783835548 1000008276
4988745048 6783835548 1000009409
4988745048 6783835548 1000009410
4988745048 6783835548 1000009497
6783835548 4988745048 1000000478
6783835548 4988745048 1000009444
6783835548 4988745048 1000009448
6783835548 4988745048 1000009498
4988745048 7680745248 1000009445
4988745048 7680745248 1000009498
7680745248 4988745048 1000009497
