665378864948 8772815348 1000000479
665378864948 8772815348 1000009409
665378864948 8772815348 1000009410
665378864948 8772815348 1000009497
8772815348 665378864948 1000000478
8772815348 665378864948 1000009444
8772815348 665378864948 1000009448
8772815348 665378864948 1000009498
53707284715148 8772815348 1000009497
8772815348 53707284715148 1000009498
49577284715148 8772815348 1000009497
8772815348 49577284715148 1000009498
53707284715148 665378864948 1000009497
665378864948 53707284715148 1000009498
49577284715148 665378864948 1000009497
665378864948 49577284715148 1000009498
49577284715148 53707284715148 1000009498
53707284715148 49577284715148 1000009497
