5057875448 767554515348 1000000478
5057875448 767554515348 1000009498
767554515348 5057875448 1000000479
767554515348 5057875448 1000009497
7474825148 767554515348 1000009444
7474825148 767554515348 1000009457
7474825148 767554515348 1000009498
767554515348 7474825148 1000009409
767554515348 7474825148 1000009412
767554515348 7474825148 1000009497
486882567148 767554515348 1000009497
767554515348 486882567148 1000009498
7474825148 5057875448 1000000478
7474825148 5057875448 1000009448
7474825148 5057875448 1000009498
5057875448 7474825148 1000000479
5057875448 7474825148 1000009410
5057875448 7474825148 1000009497
486882567148 5057875448 1000009497
5057875448 486882567148 1000009498
486882567148 7474825148 1000009497
7474825148 486882567148 1000009498
