86808677755248 82875056805248 1000011400
82875056805248 86808677755248 1000011399
95829055805248 82875056805248 1000010418
95829055805248 82875056805248 1000011406
82875056805248 95829055805248 1000011405
77579055805248 82875056805248 1000011412
82875056805248 77579055805248 1000010601
82875056805248 77579055805248 1000011407
95829055805248 86808677755248 1000011399
86808677755248 95829055805248 1000011400
77579055805248 86808677755248 1000011399
86808677755248 77579055805248 1000011400
77579055805248 95829055805248 1000011410
95829055805248 77579055805248 1000010602
95829055805248 77579055805248 1000011404
