53727174555248 55565587705248 1000011400
55565587705248 53727174555248 1000011399
66878376705248 55565587705248 1000010418
66878376705248 55565587705248 1000011406
55565587705248 66878376705248 1000011405
83907476705248 55565587705248 1000011412
55565587705248 83907476705248 1000010601
55565587705248 83907476705248 1000011407
66878376705248 53727174555248 1000011399
53727174555248 66878376705248 1000011400
83907476705248 53727174555248 1000011399
53727174555248 83907476705248 1000011400
83907476705248 66878376705248 1000011410
66878376705248 83907476705248 1000010602
66878376705248 83907476705248 1000011404
