6783835548 49847170899548 1000009498
49847170899548 6783835548 1000009497
4988745048 49847170899548 1000009498
49847170899548 4988745048 1000009497
726751514948 49847170899548 1000009498
49847170899548 726751514948 1000009497
4988745048 6783835548 1000000479
4988745048 6783835548 1000001130
4988745048 6783835548 1000008276
4988745048 6783835548 1000009409
4988745048 6783835548 1000009410
4988745048 6783835548 1000009497
6783835548 4988745048 1000000478
6783835548 4988745048 1000009444
6783835548 4988745048 1000009448
6783835548 4988745048 1000009498
726751514948 6783835548 1000009497
6783835548 726751514948 1000009498
726751514948 4988745048 1000009497
4988745048 726751514948 1000009498
