848067837448 548367837448 1000011412
548367837448 848067837448 1000010601
548367837448 848067837448 1000011407
958267837448 548367837448 1000010418
958267837448 548367837448 1000011406
548367837448 958267837448 1000011405
5648 548367837448 1000011400
548367837448 5648 1000011399
958267837448 848067837448 1000010601
958267837448 848067837448 1000011407
848067837448 958267837448 1000011412
5648 848067837448 1000011400
848067837448 5648 1000011399
5648 958267837448 1000011400
958267837448 5648 1000011399
