56827482495348 71788283495348 1000011400
71788283495348 56827482495348 1000011399
88819083495348 71788283495348 1000011405
71788283495348 88819083495348 1000010418
71788283495348 88819083495348 1000011406
67708183495348 71788283495348 1000011412
71788283495348 67708183495348 1000010601
71788283495348 67708183495348 1000011407
88819083495348 56827482495348 1000011399
56827482495348 88819083495348 1000011400
67708183495348 56827482495348 1000011399
56827482495348 67708183495348 1000011400
67708183495348 88819083495348 1000011410
88819083495348 67708183495348 1000010602
88819083495348 67708183495348 1000011404
