488755675748 8155784948 1000000478
488755675748 8155784948 1000003488
488755675748 8155784948 1000009444
488755675748 8155784948 1000009448
488755675748 8155784948 1000009498
8155784948 488755675748 1000000479
8155784948 488755675748 1000001130
8155784948 488755675748 1000003502
8155784948 488755675748 1000009409
8155784948 488755675748 1000009410
8155784948 488755675748 1000009497
71508270875448 8155784948 1000007237
8856517648 8155784948 1000009497
8155784948 8856517648 1000009498
71508270875448 488755675748 1000007237
8856517648 488755675748 1000009412
8856517648 488755675748 1000009497
488755675748 8856517648 1000009457
488755675748 8856517648 1000009498
71508270875448 8856517648 1000007237
