7549538981484948 7695746753494948 1000011400
7695746753494948 7549538981484948 1000011399
5683686753494948 7695746753494948 1000011410
5683686753494948 7695746753494948 1000011412
7695746753494948 5683686753494948 1000010601
7695746753494948 5683686753494948 1000010602
7695746753494948 5683686753494948 1000011404
7695746753494948 5683686753494948 1000011407
7575717154494948 7695746753494948 1000011405
7695746753494948 7575717154494948 1000010418
7695746753494948 7575717154494948 1000011406
5683686753494948 7549538981484948 1000011399
7549538981484948 5683686753494948 1000011400
7575717154494948 7549538981484948 1000011399
7549538981484948 7575717154494948 1000011400
7575717154494948 5683686753494948 1000010601
7575717154494948 5683686753494948 1000010602
7575717154494948 5683686753494948 1000011404
7575717154494948 5683686753494948 1000011407
5683686753494948 7575717154494948 1000011410
5683686753494948 7575717154494948 1000011412
