77758853525248 90808095505248 1000010601
77758853525248 90808095505248 1000011407
90808095505248 77758853525248 1000011412
81688853525248 90808095505248 1000010602
81688853525248 90808095505248 1000011404
90808095505248 81688853525248 1000011410
56824877875148 90808095505248 1000011400
90808095505248 56824877875148 1000011399
81688853525248 77758853525248 1000010418
81688853525248 77758853525248 1000011406
77758853525248 81688853525248 1000011405
56824877875148 77758853525248 1000011400
77758853525248 56824877875148 1000011399
56824877875148 81688853525248 1000011400
81688853525248 56824877875148 1000011399
