72504876845548 80504849495548 1000011399
80504849495548 72504876845548 1000011400
82538072865548 80504849495548 1000011399
80504849495548 82538072865548 1000011400
68777872865548 80504849495548 1000011399
80504849495548 68777872865548 1000011400
82538072865548 72504876845548 1000010601
82538072865548 72504876845548 1000011407
72504876845548 82538072865548 1000011412
68777872865548 72504876845548 1000010602
68777872865548 72504876845548 1000011404
72504876845548 68777872865548 1000011410
68777872865548 82538072865548 1000010418
68777872865548 82538072865548 1000011406
82538072865548 68777872865548 1000011405
