488755675748 8155784948 1000000478
488755675748 8155784948 1000003488
488755675748 8155784948 1000009444
488755675748 8155784948 1000009448
488755675748 8155784948 1000009498
8155784948 488755675748 1000000479
8155784948 488755675748 1000001130
8155784948 488755675748 1000003502
8155784948 488755675748 1000009409
8155784948 488755675748 1000009410
8155784948 488755675748 1000009497
7777957486494948 8155784948 1000009497
8155784948 7777957486494948 1000009498
7777957486494948 488755675748 1000009497
488755675748 7777957486494948 1000009498
