56808284785348 76828184785348 1000011405
76828184785348 56808284785348 1000010418
76828184785348 56808284785348 1000011406
87838084785348 76828184785348 1000011410
87838084785348 76828184785348 1000011412
76828184785348 87838084785348 1000010601
76828184785348 87838084785348 1000010602
76828184785348 87838084785348 1000011404
76828184785348 87838084785348 1000011407
87838084785348 56808284785348 1000011410
87838084785348 56808284785348 1000011412
56808284785348 87838084785348 1000010601
56808284785348 87838084785348 1000010602
56808284785348 87838084785348 1000011404
56808284785348 87838084785348 1000011407
