72524948 57828981535148 1000011400
57828981535148 72524948 1000011399
75526772885048 57828981535148 1000009041
57828981535148 55784948 1000009041
57828981535148 55784948 1000009048
49519080725048 57828981535148 1000009041
49519080725048 57828981535148 1000009048
75526772885048 72524948 1000011399
72524948 75526772885048 1000011400
55784948 72524948 1000011399
72524948 55784948 1000011400
49519080725048 72524948 1000011399
72524948 49519080725048 1000011400
75526772885048 55784948 1000009041
75526772885048 49519080725048 1000009041
75526772885048 49519080725048 1000009048
49519080725048 55784948 1000009041
49519080725048 55784948 1000009048
