72524948 77535555955048 1000011400
77535555955048 72524948 1000011399
75526772885048 77535555955048 1000009041
77535555955048 55784948 1000009041
77535555955048 55784948 1000009048
83524948 77535555955048 1000011394
77535555955048 83524948 1000011409
75526772885048 72524948 1000011399
72524948 75526772885048 1000011400
55784948 72524948 1000011399
72524948 55784948 1000011400
83524948 72524948 1000011399
72524948 83524948 1000011400
75526772885048 55784948 1000009041
83524948 75526772885048 1000011394
75526772885048 83524948 1000011409
83524948 55784948 1000011394
55784948 83524948 1000011409
