66508468766748 53674948 1000009041
66508468766748 53674948 1000009048
51886848766748 53674948 1000009041
51497871766748 53674948 1000009041
51497871766748 53674948 1000009048
52774949904948 53674948 1000009041
52774949904948 53674948 1000009048
51886848766748 66508468766748 1000003749
51497871766748 66508468766748 1000009041
66508468766748 52774949904948 1000009041
66508468766748 52774949904948 1000009048
51886848766748 51497871766748 1000003750
51886848766748 52774949904948 1000003749
51497871766748 52774949904948 1000009041
