66556755725048 53674948 1000009041
66556755725048 53674948 1000009048
70827476884948 53674948 1000009041
70827476884948 53674948 1000009048
82755248 53674948 1000009041
82755248 53674948 1000009048
86767181725048 53674948 1000009051
53674948 86767181725048 1000009047
70827476884948 66556755725048 1000009041
70827476884948 66556755725048 1000009048
66556755725048 82755248 1000009041
66556755725048 82755248 1000009048
86767181725048 66556755725048 1000009051
66556755725048 86767181725048 1000009047
70827476884948 82755248 1000009041
70827476884948 82755248 1000009048
86767181725048 70827476884948 1000009051
70827476884948 86767181725048 1000009047
86767181725048 82755248 1000009051
82755248 86767181725048 1000009047
