55678455766748 66508468766748 1000011394
66508468766748 55678455766748 1000011409
66508468766748 80807883786748 1000009041
66508468766748 80807883786748 1000009048
51497871766748 66508468766748 1000009041
66508468766748 75678455766748 1000009041
80807883786748 55678455766748 1000011409
55678455766748 80807883786748 1000011394
51497871766748 55678455766748 1000011409
55678455766748 51497871766748 1000011394
75678455766748 55678455766748 1000011409
55678455766748 75678455766748 1000008936
55678455766748 75678455766748 1000011394
51497871766748 80807883786748 1000009041
80807883786748 75678455766748 1000009041
51497871766748 75678455766748 1000009041
