808755515048 8772815348 1000009412
808755515048 8772815348 1000009497
8772815348 808755515048 1000009457
8772815348 808755515048 1000009498
83887787715148 8772815348 1000009497
8772815348 83887787715148 1000009498
665378864948 8772815348 1000000479
665378864948 8772815348 1000009409
665378864948 8772815348 1000009410
665378864948 8772815348 1000009497
8772815348 665378864948 1000000478
8772815348 665378864948 1000009444
8772815348 665378864948 1000009448
8772815348 665378864948 1000009498
70757887715148 8772815348 1000009497
8772815348 70757887715148 1000009498
83887787715148 808755515048 1000009497
808755515048 83887787715148 1000009498
665378864948 808755515048 1000009498
808755515048 665378864948 1000009497
70757887715148 808755515048 1000009497
808755515048 70757887715148 1000009498
665378864948 83887787715148 1000009498
83887787715148 665378864948 1000009497
70757887715148 83887787715148 1000009497
83887787715148 70757887715148 1000009498
70757887715148 665378864948 1000009497
665378864948 70757887715148 1000009498
