57828981535148 53674948 1000009041
57828981535148 53674948 1000009048
75526772885048 53674948 1000009041
75526772885048 53674948 1000009048
55784948 53674948 1000009041
49519080725048 53674948 1000009041
49519080725048 53674948 1000009048
75526772885048 57828981535148 1000009041
57828981535148 55784948 1000009041
57828981535148 55784948 1000009048
49519080725048 57828981535148 1000009041
49519080725048 57828981535148 1000009048
75526772885048 55784948 1000009041
75526772885048 49519080725048 1000009041
75526772885048 49519080725048 1000009048
49519080725048 55784948 1000009041
49519080725048 55784948 1000009048
