67686789669048 6650544948 1000009497
6650544948 67686789669048 1000009498
52537876819548 6650544948 1000009497
6650544948 52537876819548 1000009498
825174495048 6650544948 1000000479
825174495048 6650544948 1000009409
825174495048 6650544948 1000009497
6650544948 825174495048 1000000478
6650544948 825174495048 1000009444
6650544948 825174495048 1000009498
775757785148 6650544948 1000009409
775757785148 6650544948 1000009497
6650544948 775757785148 1000009444
6650544948 775757785148 1000009498
52537876819548 67686789669048 1000009498
67686789669048 52537876819548 1000009497
825174495048 67686789669048 1000009498
67686789669048 825174495048 1000009497
775757785148 67686789669048 1000009498
67686789669048 775757785148 1000009497
825174495048 52537876819548 1000009498
52537876819548 825174495048 1000009497
775757785148 52537876819548 1000009498
52537876819548 775757785148 1000009497
775757785148 825174495048 1000009497
825174495048 775757785148 1000009498
