72524948 57828981535148 1000011400
57828981535148 72524948 1000011399
75526772885048 57828981535148 1000009041
49519080725048 57828981535148 1000009041
49519080725048 57828981535148 1000009048
83524948 57828981535148 1000011394
57828981535148 83524948 1000011409
75526772885048 72524948 1000011399
72524948 75526772885048 1000011400
49519080725048 72524948 1000011399
72524948 49519080725048 1000011400
83524948 72524948 1000011399
72524948 83524948 1000011400
75526772885048 49519080725048 1000009041
75526772885048 49519080725048 1000009048
83524948 75526772885048 1000011394
75526772885048 83524948 1000011409
83524948 49519080725048 1000011394
49519080725048 83524948 1000011409
