80847476884948 53674948 1000009041
80847476884948 53674948 1000009048
77897476884948 53674948 1000009041
77897476884948 53674948 1000009048
55784948 53674948 1000009041
86767181725048 53674948 1000009051
53674948 86767181725048 1000009047
80847476884948 77897476884948 1000009041
80847476884948 55784948 1000009041
86767181725048 80847476884948 1000009051
80847476884948 86767181725048 1000009047
77897476884948 55784948 1000009041
77897476884948 55784948 1000009048
86767181725048 77897476884948 1000009051
77897476884948 86767181725048 1000009047
86767181725048 55784948 1000009051
55784948 86767181725048 1000009047
