52709051955048 57828981535148 1000009041
72524948 52709051955048 1000011400
52709051955048 72524948 1000011399
52709051955048 55784948 1000009041
83524948 52709051955048 1000011394
52709051955048 83524948 1000011409
72524948 57828981535148 1000011400
57828981535148 72524948 1000011399
57828981535148 55784948 1000009041
57828981535148 55784948 1000009048
83524948 57828981535148 1000011394
57828981535148 83524948 1000011409
55784948 72524948 1000011399
72524948 55784948 1000011400
83524948 72524948 1000011399
72524948 83524948 1000011400
83524948 55784948 1000011394
55784948 83524948 1000011409
