56509549775348 90499549775348 1000011409
90499549775348 56509549775348 1000008936
90499549775348 56509549775348 1000011394
52846875755348 90499549775348 1000011409
90499549775348 52846875755348 1000011394
89575274675348 90499549775348 1000011409
90499549775348 89575274675348 1000011394
72499549775348 90499549775348 1000011400
90499549775348 72499549775348 1000011399
52846875755348 56509549775348 1000009041
89575274675348 56509549775348 1000009041
72499549775348 56509549775348 1000011400
56509549775348 72499549775348 1000011399
52846875755348 89575274675348 1000009041
72499549775348 52846875755348 1000011400
52846875755348 72499549775348 1000011399
72499549775348 89575274675348 1000011400
89575274675348 72499549775348 1000011399
