55678455766748 66508468766748 1000011394
66508468766748 55678455766748 1000011409
51497871766748 66508468766748 1000009041
66508468766748 75678455766748 1000009041
83668455766748 66508468766748 1000011400
66508468766748 83668455766748 1000011399
51497871766748 55678455766748 1000011409
55678455766748 51497871766748 1000011394
75678455766748 55678455766748 1000011409
55678455766748 75678455766748 1000008936
55678455766748 75678455766748 1000011394
83668455766748 55678455766748 1000011400
55678455766748 83668455766748 1000011399
51497871766748 75678455766748 1000009041
83668455766748 51497871766748 1000011400
51497871766748 83668455766748 1000011399
83668455766748 75678455766748 1000011400
75678455766748 83668455766748 1000011399
