7450774867494948 8274534948 1000009519
7450774867494948 714854486848 1000009517
7850806783484948 7450774867494948 1000009898
7450774867494948 954967714948 1000009516
714854486848 8274534948 1000000478
714854486848 8274534948 1000009444
714854486848 8274534948 1000009448
714854486848 8274534948 1000009498
8274534948 714854486848 1000000479
8274534948 714854486848 1000001130
8274534948 714854486848 1000009409
8274534948 714854486848 1000009410
8274534948 714854486848 1000009497
7850806783484948 8274534948 1000009497
8274534948 7850806783484948 1000009498
954967714948 8274534948 1000009497
8274534948 954967714948 1000009498
7850806783484948 714854486848 1000009497
714854486848 7850806783484948 1000009498
954967714948 714854486848 1000009497
714854486848 954967714948 1000009498
954967714948 7850806783484948 1000009498
7850806783484948 954967714948 1000009497
