52709051955048 77535555955048 1000009041
72524948 77535555955048 1000011400
77535555955048 72524948 1000011399
49519080725048 77535555955048 1000009041
49519080725048 77535555955048 1000009048
83524948 77535555955048 1000011394
77535555955048 83524948 1000011409
72524948 52709051955048 1000011400
52709051955048 72524948 1000011399
52709051955048 49519080725048 1000009041
52709051955048 49519080725048 1000009048
83524948 52709051955048 1000011394
52709051955048 83524948 1000011409
49519080725048 72524948 1000011399
72524948 49519080725048 1000011400
83524948 72524948 1000011399
72524948 83524948 1000011400
83524948 49519080725048 1000011394
49519080725048 83524948 1000011409
