72524948 57828981535148 1000011400
57828981535148 72524948 1000011399
49519080725048 57828981535148 1000009041
49519080725048 57828981535148 1000009048
83524948 57828981535148 1000011394
57828981535148 83524948 1000011409
70515651955048 57828981535148 1000009041
70515651955048 57828981535148 1000009048
49519080725048 72524948 1000011399
72524948 49519080725048 1000011400
83524948 72524948 1000011399
72524948 83524948 1000011400
70515651955048 72524948 1000011399
72524948 70515651955048 1000011400
83524948 49519080725048 1000011394
49519080725048 83524948 1000011409
70515651955048 49519080725048 1000009041
70515651955048 49519080725048 1000009048
70515651955048 83524948 1000011409
83524948 70515651955048 1000011394
