57828981535148 55784948 1000009041
57828981535148 55784948 1000009048
49519080725048 57828981535148 1000009041
49519080725048 57828981535148 1000009048
86767181725048 57828981535148 1000009051
57828981535148 86767181725048 1000009047
70515651955048 57828981535148 1000009041
70515651955048 57828981535148 1000009048
49519080725048 55784948 1000009041
49519080725048 55784948 1000009048
86767181725048 55784948 1000009051
55784948 86767181725048 1000009047
70515651955048 55784948 1000009041
86767181725048 49519080725048 1000009051
49519080725048 86767181725048 1000009047
70515651955048 49519080725048 1000009041
70515651955048 49519080725048 1000009048
70515651955048 86767181725048 1000009047
86767181725048 70515651955048 1000009051
