90768372875048 77535555955048 1000009041
90768372875048 77535555955048 1000009048
72524948 90768372875048 1000011400
90768372875048 72524948 1000011399
90768372875048 55784948 1000009041
90768372875048 55784948 1000009048
83524948 90768372875048 1000011394
90768372875048 83524948 1000011409
72524948 77535555955048 1000011400
77535555955048 72524948 1000011399
77535555955048 55784948 1000009041
77535555955048 55784948 1000009048
83524948 77535555955048 1000011394
77535555955048 83524948 1000011409
55784948 72524948 1000011399
72524948 55784948 1000011400
83524948 72524948 1000011399
72524948 83524948 1000011400
83524948 55784948 1000011394
55784948 83524948 1000011409
