75526772885048 53674948 1000009041
75526772885048 53674948 1000009048
55784948 53674948 1000009041
49519080725048 53674948 1000009041
49519080725048 53674948 1000009048
86767181725048 53674948 1000009051
53674948 86767181725048 1000009047
75526772885048 55784948 1000009041
75526772885048 49519080725048 1000009041
75526772885048 49519080725048 1000009048
86767181725048 75526772885048 1000009051
75526772885048 86767181725048 1000009047
49519080725048 55784948 1000009041
49519080725048 55784948 1000009048
86767181725048 55784948 1000009051
55784948 86767181725048 1000009047
86767181725048 49519080725048 1000009051
49519080725048 86767181725048 1000009047
