80807883786748 55678455766748 1000011409
55678455766748 80807883786748 1000011394
51497871766748 55678455766748 1000011409
55678455766748 51497871766748 1000011394
75678455766748 55678455766748 1000011409
55678455766748 75678455766748 1000008936
55678455766748 75678455766748 1000011394
83668455766748 55678455766748 1000011400
55678455766748 83668455766748 1000011399
51497871766748 80807883786748 1000009041
80807883786748 75678455766748 1000009041
83668455766748 80807883786748 1000011400
80807883786748 83668455766748 1000011399
51497871766748 75678455766748 1000009041
83668455766748 51497871766748 1000011400
51497871766748 83668455766748 1000011399
83668455766748 75678455766748 1000011400
75678455766748 83668455766748 1000011399
