57774948 53674948 1000009041
57774948 53674948 1000009048
57828981535148 53674948 1000009041
57828981535148 53674948 1000009048
55784948 53674948 1000009041
86767181725048 53674948 1000009051
53674948 86767181725048 1000009047
57774948 57828981535148 1000009041
57774948 57828981535148 1000009048
57774948 55784948 1000009041
57774948 55784948 1000009048
86767181725048 57774948 1000009051
57774948 86767181725048 1000009047
57828981535148 55784948 1000009041
57828981535148 55784948 1000009048
86767181725048 57828981535148 1000009051
57828981535148 86767181725048 1000009047
86767181725048 55784948 1000009051
55784948 86767181725048 1000009047
