52709051955048 53674948 1000009041
57828981535148 53674948 1000009041
57828981535148 53674948 1000009048
49519080725048 53674948 1000009041
49519080725048 53674948 1000009048
86767181725048 53674948 1000009051
53674948 86767181725048 1000009047
52709051955048 57828981535148 1000009041
52709051955048 49519080725048 1000009041
52709051955048 49519080725048 1000009048
86767181725048 52709051955048 1000009051
52709051955048 86767181725048 1000009047
49519080725048 57828981535148 1000009041
49519080725048 57828981535148 1000009048
86767181725048 57828981535148 1000009051
57828981535148 86767181725048 1000009047
86767181725048 49519080725048 1000009051
49519080725048 86767181725048 1000009047
