77535555955048 55784948 1000009041
77535555955048 55784948 1000009048
49519080725048 77535555955048 1000009041
49519080725048 77535555955048 1000009048
83524948 77535555955048 1000011394
77535555955048 83524948 1000011409
70515651955048 77535555955048 1000009041
49519080725048 55784948 1000009041
49519080725048 55784948 1000009048
83524948 55784948 1000011394
55784948 83524948 1000011409
70515651955048 55784948 1000009041
83524948 49519080725048 1000011394
49519080725048 83524948 1000011409
70515651955048 49519080725048 1000009041
70515651955048 49519080725048 1000009048
70515651955048 83524948 1000011409
83524948 70515651955048 1000011394
