52709051955048 77535555955048 1000009041
72524948 77535555955048 1000011400
77535555955048 72524948 1000011399
77535555955048 55784948 1000009041
77535555955048 55784948 1000009048
49519080725048 77535555955048 1000009041
49519080725048 77535555955048 1000009048
72524948 52709051955048 1000011400
52709051955048 72524948 1000011399
52709051955048 55784948 1000009041
52709051955048 49519080725048 1000009041
52709051955048 49519080725048 1000009048
55784948 72524948 1000011399
72524948 55784948 1000011400
49519080725048 72524948 1000011399
72524948 49519080725048 1000011400
49519080725048 55784948 1000009041
49519080725048 55784948 1000009048
