90768372875048 53674948 1000009041
90768372875048 53674948 1000009048
77535555955048 53674948 1000009041
77535555955048 53674948 1000009048
55784948 53674948 1000009041
86767181725048 53674948 1000009051
53674948 86767181725048 1000009047
90768372875048 77535555955048 1000009041
90768372875048 77535555955048 1000009048
90768372875048 55784948 1000009041
90768372875048 55784948 1000009048
86767181725048 90768372875048 1000009051
90768372875048 86767181725048 1000009047
77535555955048 55784948 1000009041
77535555955048 55784948 1000009048
86767181725048 77535555955048 1000009051
77535555955048 86767181725048 1000009047
86767181725048 55784948 1000009051
55784948 86767181725048 1000009047
