52709051955048 57828981535148 1000009041
52709051955048 55784948 1000009041
52709051955048 49519080725048 1000009041
52709051955048 49519080725048 1000009048
83524948 52709051955048 1000011394
52709051955048 83524948 1000011409
57828981535148 55784948 1000009041
57828981535148 55784948 1000009048
49519080725048 57828981535148 1000009041
49519080725048 57828981535148 1000009048
83524948 57828981535148 1000011394
57828981535148 83524948 1000011409
49519080725048 55784948 1000009041
49519080725048 55784948 1000009048
83524948 55784948 1000011394
55784948 83524948 1000011409
83524948 49519080725048 1000011394
49519080725048 83524948 1000011409
