57774948 57828981535148 1000009041
57774948 57828981535148 1000009048
72524948 57774948 1000011400
57774948 72524948 1000011399
57774948 55784948 1000009041
57774948 55784948 1000009048
83524948 57774948 1000011394
57774948 83524948 1000011409
72524948 57828981535148 1000011400
57828981535148 72524948 1000011399
57828981535148 55784948 1000009041
57828981535148 55784948 1000009048
83524948 57828981535148 1000011394
57828981535148 83524948 1000011409
55784948 72524948 1000011399
72524948 55784948 1000011400
83524948 72524948 1000011399
72524948 83524948 1000011400
83524948 55784948 1000011394
55784948 83524948 1000011409
