52678075757148 80668075757148 1000011399
80668075757148 52678075757148 1000011400
54878075757148 80668075757148 1000011399
80668075757148 54878075757148 1000011400
51838075757148 80668075757148 1000011399
80668075757148 51838075757148 1000011400
71678075757148 80668075757148 1000011399
80668075757148 71678075757148 1000011400
54878075757148 52678075757148 1000011409
52678075757148 54878075757148 1000011394
51838075757148 52678075757148 1000011409
52678075757148 51838075757148 1000011394
71678075757148 52678075757148 1000011409
52678075757148 71678075757148 1000008936
52678075757148 71678075757148 1000011394
51838075757148 54878075757148 1000009041
54878075757148 71678075757148 1000009041
51838075757148 71678075757148 1000009041
