90768372875048 53674948 1000009041
90768372875048 53674948 1000009048
77535555955048 53674948 1000009041
77535555955048 53674948 1000009048
55784948 53674948 1000009041
49519080725048 53674948 1000009041
49519080725048 53674948 1000009048
90768372875048 77535555955048 1000009041
90768372875048 77535555955048 1000009048
90768372875048 55784948 1000009041
90768372875048 55784948 1000009048
90768372875048 49519080725048 1000009041
90768372875048 49519080725048 1000009048
77535555955048 55784948 1000009041
77535555955048 55784948 1000009048
49519080725048 77535555955048 1000009041
49519080725048 77535555955048 1000009048
49519080725048 55784948 1000009041
49519080725048 55784948 1000009048
