E3PQ0.txt 7280 1468 8748 95941.91269596056 619.1789930254039 96561.09168898597
E3FQ0.txt 7725 1344 9069 287785.46312046476 2458.7611059335195 290244.2242263983
E3PQ1.txt 20358 351503 371861 98234.12811633619 105339.78182252754 203573.9099388637
E3FQ1.txt 14060 82166 96226 198475.1306138481 411227.79496738117 609702.9255812293
E3PQ2.txt 23753 315809 339562 100499.57428147068 106840.201409547 207339.77569101768
E3FQ2.txt 20526 81851 102377 294390.3753888033 411227.79496738117 705618.1703561845
E3PQ3.txt 32214 27275 59489 225004.03387509953 1154849.35694315 1379853.3908182497
E3FQ3.txt 137880 131563 269443 216710.64779380232 1539799.142590867 1756509.7903846693
E3PQ4.txt 216052 152750 368802 233297.4199563968 1539799.142590867 1773096.5625472637
E3FQ4.txt 137880 131563 269443 216710.64779380232 1539799.142590867 1756509.7903846693
E3PQ5.txt 216052 152750 368802 233297.4199563968 1539799.142590867 1773096.5625472637
E3FQ5.txt 137880 131563 269443 216710.64779380232 1539799.142590867 1756509.7903846693
E3PQ6.txt 147541 273201 420742 113281.11509655173 423990.79123211076 537271.9063286625
E3FQ6.txt 137880 131563 269443 216710.64779380232 1539799.142590867 1756509.7903846693
E3PQ7.txt 216052 152750 368802 233297.4199563968 1539799.142590867 1773096.5625472637
E3FQ7.txt 137880 131563 269443 216710.64779380232 1539799.142590867 1756509.7903846693
E3PQ8.txt 216052 152750 368802 233297.4199563968 1539799.142590867 1773096.5625472637
E3FQ8.txt 137880 131563 269443 216710.64779380232 1539799.142590867 1756509.7903846693
E3PQ9.txt 216056 152750 368806 233297.4199563968 1539799.142590867 1773096.5625472637
E3FQ9.txt 137880 131563 269443 216710.64779380232 1539799.142590867 1756509.7903846693
E3PQ10.txt 216052 152750 368802 233297.4199563968 1539799.142590867 1773096.5625472637
E3FQ10.txt 137880 131563 269443 216710.64779380232 1539799.142590867 1756509.7903846693
E3PQ11.txt 14141 10691 24832 96525.1182070627 14213.419918459917 110738.53812552261
E3FQ11.txt 15346 22420 37766 288629.7000269442 54707.43460702082 343337.13463396503
E3PQ12.txt 26737 9455 36192 287878.16364352923 4610.177073625349 292488.34071715456
E3FQ12.txt 24773 5462 30235 287811.9489841975 4610.177073625349 292422.12605782284
E3PQ13.txt 26737 9455 36192 287878.16364352923 4610.177073625349 292488.34071715456
E3FQ13.txt 24773 5462 30235 287811.9489841975 4610.177073625349 292422.12605782284
E3PQ14.txt 23915 6047 29962 287878.16364352923 4610.177073625349 292488.34071715456
E3FQ14.txt 24773 5462 30235 287811.9489841975 4610.177073625349 292422.12605782284
E3PQ15.txt 21035 4105 25140 287878.16364352923 4610.177073625349 292488.34071715456
E3FQ15.txt 20882 3654 24536 287811.9489841975 4610.177073625349 292422.12605782284
E3PQ16.txt 23915 6047 29962 287878.16364352923 4610.177073625349 292488.34071715456
E3FQ16.txt 24773 5462 30235 287811.9489841975 4610.177073625349 292422.12605782284
E3PQ17.txt 23915 6047 29962 287878.16364352923 4610.177073625349 292488.34071715456
E3FQ17.txt 24773 5462 30235 287811.9489841975 4610.177073625349 292422.12605782284
E3PQ18.txt 23915 6047 29962 287878.16364352923 4610.177073625349 292488.34071715456
E3FQ18.txt 24773 5462 30235 287811.9489841975 4610.177073625349 292422.12605782284
E3PQ19.txt 7250 2252 9502 95965.72856733327 797.0063813210647 96762.73494865432
E3FQ19.txt 8564 1964 10528 287828.5026490304 3073.4513824169 290901.9540314473
E3PQ20.txt 23879 40206 64085 98313.96690952757 56026.65442184421 154340.62133137177
E3FQ20.txt 24876 32913 57789 195406.08115382306 221288.49953401677 416694.5806878398
E3PQ21.txt 26737 9455 36192 287878.16364352923 4610.177073625349 292488.34071715456
E3FQ21.txt 24773 5462 30235 287811.9489841975 4610.177073625349 292422.12605782284
E3PQ22.txt 23915 6047 29962 287878.16364352923 4610.177073625349 292488.34071715456
E3FQ22.txt 24773 5462 30235 287811.9489841975 4610.177073625349 292422.12605782284
E3PQ23.txt 15613 40138 55751 97137.27176393804 56059.92209261153 153197.19385654957
E3FQ23.txt 9339 9018 18357 195406.08115382306 221288.49953401677 416694.5806878398
E3PQ24.txt 15610 40138 55748 97137.27176393804 56059.92209261153 153197.19385654957
E3FQ24.txt 9339 9018 18357 195406.08115382306 221288.49953401677 416694.5806878398
E3PQ25.txt 14152 10613 24765 96521.40456546345 14116.517728910561 110637.92229437402
E3FQ25.txt 15262 22348 37610 288629.7000269442 54707.43460702082 343337.13463396503
E3PQ26.txt 14152 10613 24765 96521.40456546345 14116.517728910561 110637.92229437402
E3FQ26.txt 15262 22348 37610 288629.7000269442 54707.43460702082 343337.13463396503
E3PQ27.txt 10503 10351 20854 96470.29812327774 12935.809139272507 109406.10726255024
E3FQ27.txt 10199 21776 31975 288550.2424357461 49789.91239515378 338340.1548308999
E3PQ28.txt 8655 10386 19041 96149.87930458313 5445.693196279847 101595.57250086297
E3FQ28.txt 9292 7526 16818 288093.3612863572 21514.159676918298 309607.5209632755
E3PQ29.txt 9846 11107 20953 96352.96547584124 6786.099177430476 103139.06465327171
E3FQ29.txt 11004 11188 22192 288325.1125940183 21514.159676918298 309839.2722709366
E3PQ30.txt 7137 1751 8888 287861.6099786963 4302.83193538366 292164.44191407994
E3FQ30.txt 6960 2073 9033 287861.6099786963 4302.83193538366 292164.44191407994
E3PQ31.txt 9387 8856 18243 288325.1125940183 21514.159676918298 309839.2722709366
E3FQ31.txt 11004 11188 22192 288325.1125940183 21514.159676918298 309839.2722709366
E3PQ32.txt 14152 10988 25140 96525.1182070627 14213.419918459917 110738.53812552261
E3FQ32.txt 15260 22386 37646 288629.7000269442 54707.43460702082 343337.13463396503
E3PQ33.txt 14152 10988 25140 96525.1182070627 14213.419918459917 110738.53812552261
E3FQ33.txt 15260 22386 37646 288629.7000269442 54707.43460702082 343337.13463396503
E3PQ34.txt 20908 312741 333649 100467.19299577779 105995.25786822248 206462.45086400028
E3FQ34.txt 28477 147987 176464 294390.3753888033 411227.79496738117 705618.1703561845
E3PQ35.txt 19199 354095 373294 98232.69635618542 105206.8672909391 203439.5636471245
E3FQ35.txt 9400 121364 130764 193399.7769760721 97121.06368437402 290520.84066044615
E3PQ36.txt 10644 120020 130664 97378.59858384795 33968.13652442877 131346.7351082767
E3FQ36.txt 10047 183072 193119 290361.2133684685 97121.06368437402 387482.27705284255
E3PQ37.txt 19199 354095 373294 98232.69635618542 105206.8672909391 203439.5636471245
E3FQ37.txt 9400 121364 130764 193399.7769760721 97121.06368437402 290520.84066044615
E3PQ38.txt 10644 120020 130664 97378.59858384795 33968.13652442877 131346.7351082767
E3FQ38.txt 10047 183072 193119 290361.2133684685 97121.06368437402 387482.27705284255
E3PQ39.txt 15687 13465 29152 96208.05077074778 4622.637011662174 100830.68778240995
E3FQ39.txt 12519 12465 24984 288225.79060502077 17826.018018018018 306051.8086230388
E3PQ40.txt 15191 16156 31347 96268.63132160144 5579.044669247452 101847.67599084889
E3FQ40.txt 11925 17857 29782 288325.1125940183 21514.159676918298 309839.2722709366
E3PQ41.txt 9242 6070 15312 95985.9220842845 1115.8089338494906 97101.73101813399
E3FQ41.txt 8560 6364 14924 287861.6099786963 4302.83193538366 292164.44191407994
E3PQ42.txt 16262 16113 32375 96359.50214788185 7013.656155625369 103373.15830350723
E3FQ42.txt 13306 17006 30312 288474.0955775147 27046.372165268716 315520.46774278337
E3PQ43.txt 12030 9397 21427 96066.69615208932 2391.019143963194 98457.71529605251
E3FQ43.txt 10416 8843 19259 287994.0392973597 9220.354147250699 297214.3934446104
E3PQ44.txt 16183 32202 48385 99496.59596402252 55522.62963352207 155019.22559754457
E3FQ44.txt 12133 17857 29990 288325.1125940183 21514.159676918298 309839.2722709366
E3PQ45.txt 17771 17097 34868 288225.79060502077 17826.018018018018 306051.8086230388
E3FQ45.txt 12519 12465 24984 288225.79060502077 17826.018018018018 306051.8086230388
E3PQ46.txt 28268 42690 70958 98328.77727135386 56026.65442184421 154355.43169319807
E3FQ46.txt 24898 32913 57811 195406.08115382306 221288.49953401677 416694.5806878398
E3PQ47.txt 28268 42690 70958 98328.77727135386 56026.65442184421 154355.43169319807
E3FQ47.txt 24820 32913 57733 195406.08115382306 221288.49953401677 416694.5806878398
E3PQ48.txt 17377 14133 31510 98301.8701959414 55390.620810842796 153692.4910067842
E3FQ48.txt 15286 12389 27675 192178.116511402 21514.159676918298 213692.2761883203
E3PQ49.txt 17377 14133 31510 98301.8701959414 55390.620810842796 153692.4910067842
E3FQ49.txt 15286 12389 27675 192178.116511402 21514.159676918298 213692.2761883203
E3PQ50.txt 28299 42690 70989 98328.77727135386 56026.65442184421 154355.43169319807
E3FQ50.txt 24820 32913 57733 195406.08115382306 221288.49953401677 416694.5806878398
E3PQ51.txt 28324 42690 71014 98328.77727135386 56026.65442184421 154355.43169319807
E3FQ51.txt 24898 32913 57811 195406.08115382306 221288.49953401677 416694.5806878398
E3PQ52.txt 28285 42690 70975 98328.77727135386 56026.65442184421 154355.43169319807
E3FQ52.txt 24898 32913 57811 195406.08115382306 221288.49953401677 416694.5806878398
E3PQ53.txt 28338 42690 71028 98328.77727135386 56026.65442184421 154355.43169319807
E3FQ53.txt 24820 32913 57733 195406.08115382306 221288.49953401677 416694.5806878398
E3PQ54.txt 28307 42690 70997 98328.77727135386 56026.65442184421 154355.43169319807
E3FQ54.txt 24820 32913 57733 195406.08115382306 221288.49953401677 416694.5806878398
E3PQ55.txt 28316 42690 71006 98328.77727135386 56026.65442184421 154355.43169319807
E3FQ55.txt 24859 32913 57772 195406.08115382306 221288.49953401677 416694.5806878398
E3PQ56.txt 23753 315809 339562 100499.57428147068 106840.201409547 207339.77569101768
E3FQ56.txt 20526 81851 102377 294390.3753888033 411227.79496738117 705618.1703561845
E3PQ57.txt 20358 351503 371861 98234.12811633619 105339.78182252754 203573.9099388637
E3FQ57.txt 14060 82166 96226 198475.1306138481 411227.79496738117 609702.9255812293
E3PQ58.txt 14141 10691 24832 96525.1182070627 14213.419918459917 110738.53812552261
E3FQ58.txt 15346 22420 37766 288629.7000269442 54707.43460702082 343337.13463396503
E3PQ59.txt 20950 312741 333691 100467.19299577779 105995.25786822248 206462.45086400028
E3FQ59.txt 28480 147987 176467 294390.3753888033 411227.79496738117 705618.1703561845
E3PQ60.txt 20074 352198 372272 98233.7697349421 105306.5122172101 203540.2819521522
E3FQ60.txt 17160 129426 146586 198475.1306138481 411227.79496738117 609702.9255812293
E3PQ61.txt 10870 2809 13679 97208.57581376392 30016.34817097956 127224.92398474348
E3FQ61.txt 6957 903 7860 288222.4798720542 29505.133271202238 317727.6131432564
E3PQ62.txt 10277 11678 21955 96466.91829215933 12847.617258896129 109314.53555105547
E3FQ62.txt 9760 13596 23356 288550.2424357461 49789.91239515378 338340.1548308999
E3PQ63.txt 20417 309044 329461 100406.57778118025 104413.59015539828 204820.16793657854
E3FQ63.txt 19649 215233 234882 291579.56310017203 237270.44672258463 528850.0098227566
E3PQ64.txt 19499 351508 371007 98233.09887321918 105244.23413829073 203477.3330115099
E3FQ64.txt 14169 205070 219239 195664.31832521682 237270.44672258463 432934.7650478014
E3PQ65.txt 14003 24766 38769 98304.77033480986 55465.07324107325 153769.8435758831
E3FQ65.txt 7426 6251 13677 288431.0560489491 42413.62907735322 330844.6851263023
E3PQ66.txt 14003 24766 38769 98304.77033480986 55465.07324107325 153769.8435758831
E3FQ66.txt 7426 6251 13677 288431.0560489491 42413.62907735322 330844.6851263023
E3PQ67.txt 14151 10988 25139 96525.1182070627 14213.419918459917 110738.53812552261
E3FQ67.txt 15260 22386 37646 288629.7000269442 54707.43460702082 343337.13463396503
E3PQ68.txt 14151 10988 25139 96525.1182070627 14213.419918459917 110738.53812552261
E3FQ68.txt 15260 22386 37646 288629.7000269442 54707.43460702082 343337.13463396503
E3PQ69.txt 23753 315809 339562 100499.57428147068 106840.201409547 207339.77569101768
E3FQ69.txt 20526 81851 102377 294390.3753888033 411227.79496738117 705618.1703561845
E3PQ70.txt 15684 13465 29149 96208.05077074778 4622.637011662174 100830.68778240995
E3FQ70.txt 12516 12465 24981 288225.79060502077 17826.018018018018 306051.8086230388
E3PQ71.txt 29240 52168 81408 98358.21395820213 57384.459455116645 155742.6734133188
E3FQ71.txt 21112 47891 69003 195406.08115382306 221288.49953401677 416694.5806878398
E3PQ72.txt 21043 37633 58676 98328.60805973657 56010.94600668873 154339.5540664253
E3FQ72.txt 12516 12465 24981 288225.79060502077 17826.018018018018 306051.8086230388
E3PQ73.txt 29200 52168 81368 98358.21395820213 57384.459455116645 155742.6734133188
E3FQ73.txt 21112 47891 69003 195406.08115382306 221288.49953401677 416694.5806878398
E3PQ74.txt 11771 9613 21384 96096.98642751612 2869.222972755833 98966.20940027195
E3FQ74.txt 9905 7753 17658 288043.7002918586 11064.424976700839 299108.12526855944
E3PQ75.txt 29190 52168 81358 98358.21395820213 57384.459455116645 155742.6734133188
E3FQ75.txt 21115 47891 69006 195406.08115382306 221288.49953401677 416694.5806878398
E3PQ76.txt 13496 35497 48993 96210.23208007064 6847.702207114293 103057.93428718494
E3FQ76.txt 13571 17316 30887 288182.75107645505 27046.372165268716 315229.12324172375
E3PQ77.txt 24853 66506 91359 98328.77727135386 56026.65442184421 154355.43169319807
E3FQ77.txt 21115 47891 69006 195406.08115382306 221288.49953401677 416694.5806878398
E3PQ78.txt 12769 10237 23006 288043.7002918586 11064.424976700839 299108.12526855944
E3FQ78.txt 9905 7753 17658 288043.7002918586 11064.424976700839 299108.12526855944
E3PQ79.txt 19503 351508 371011 98233.09887321918 105244.23413829073 203477.3330115099
E3FQ79.txt 14169 205070 219239 195664.31832521682 237270.44672258463 432934.7650478014
E3PQ80.txt 10712 118314 129026 97378.72854450459 33980.201156757554 131358.92970126215
E3FQ80.txt 10750 151332 162082 291321.3259287784 132773.09972041007 424094.42564918846
E3PQ81.txt 10277 11678 21955 96466.91829215933 12847.617258896129 109314.53555105547
E3FQ81.txt 9819 13596 23415 288550.2424357461 49789.91239515378 338340.1548308999
E3PQ82.txt 19553 351938 371491 98236.83981003729 105591.51637310685 203828.35618314415
E3FQ82.txt 14902 222059 236961 198475.1306138481 411227.79496738117 609702.9255812293
E3PQ83.txt 19553 351938 371491 98236.83981003729 105591.51637310685 203828.35618314415
E3FQ83.txt 14902 222059 236961 198475.1306138481 411227.79496738117 609702.9255812293
E3PQ84.txt 19553 351938 371491 98236.83981003729 105591.51637310685 203828.35618314415
E3FQ84.txt 14902 222059 236961 198475.1306138481 411227.79496738117 609702.9255812293
E3PQ85.txt 10273 11678 21951 96466.91829215933 12847.617258896129 109314.53555105547
E3FQ85.txt 9798 13596 23394 288550.2424357461 49789.91239515378 338340.1548308999
E3PQ86.txt 20417 309044 329461 100406.57778118025 104413.59015539828 204820.16793657854
E3FQ86.txt 19649 215233 234882 291579.56310017203 237270.44672258463 528850.0098227566
E3PQ87.txt 19503 351508 371011 98233.09887321918 105244.23413829073 203477.3330115099
E3FQ87.txt 14169 205070 219239 195664.31832521682 237270.44672258463 432934.7650478014
E3PQ88.txt 10712 118314 129026 97378.72854450459 33980.201156757554 131358.92970126215
E3FQ88.txt 10750 151332 162082 291321.3259287784 132773.09972041007 424094.42564918846
E3PQ89.txt 20417 309044 329461 100406.57778118025 104413.59015539828 204820.16793657854
E3FQ89.txt 19649 215233 234882 291579.56310017203 237270.44672258463 528850.0098227566
E3PQ90.txt 10508 107013 117521 97365.36126127005 33712.01117124968 131077.37243251974
E3FQ90.txt 9649 65287 74936 289891.0892872133 132773.09972041007 422664.18900762335
E3PQ91.txt 19503 351508 371011 98233.09887321918 105244.23413829073 203477.3330115099
E3FQ91.txt 14169 205070 219239 195664.31832521682 237270.44672258463 432934.7650478014
E3PQ92.txt 19262 357628 376890 98232.79875086945 105216.37289245838 203449.17164332783
E3FQ92.txt 10149 171164 181313 195406.08115382312 132773.09972041007 328179.1808742332
E3PQ93.txt 10743 122000 132743 97378.631644015 33971.205597565044 131349.83724158004
E3FQ93.txt 8892 120369 129261 195406.08115382312 132773.09972041007 328179.1808742332
E3PQ94.txt 15617 40138 55755 97137.27176393804 56059.92209261153 153197.19385654957
E3FQ94.txt 9342 9018 18360 195406.08115382306 221288.49953401677 416694.5806878398
E3PQ95.txt 15575 40138 55713 97137.27176393804 56059.92209261153 153197.19385654957
E3FQ95.txt 9342 9018 18360 195406.08115382306 221288.49953401677 416694.5806878398
E3PQ96.txt 15631 40138 55769 97137.27176393804 56059.92209261153 153197.19385654957
E3FQ96.txt 9342 9018 18360 195406.08115382306 221288.49953401677 416694.5806878398
E3PQ97.txt 14152 10988 25140 96525.1182070627 14213.419918459917 110738.53812552261
E3FQ97.txt 15263 22386 37649 288629.7000269442 54707.43460702082 343337.13463396503
E3PQ98.txt 14152 10988 25140 96525.1182070627 14213.419918459917 110738.53812552261
E3FQ98.txt 15263 22386 37649 288629.7000269442 54707.43460702082 343337.13463396503
E3PQ99.txt 7169 1547 8716 96027.90877439712 2617.040649623626 98644.94942402074
E3FQ99.txt 6785 892 7677 191999.33693120634 10449.73470021746 202449.0716314238
E3PQ100.txt 6947 620 7567 95971.59468994079 2614.0968020808323 98585.69149202162
E3FQ100.txt 8141 1003 9144 191999.33693120634 10449.73470021746 202449.0716314238
E3PQ101.txt 15536 40138 55674 97137.27176393804 56059.92209261153 153197.19385654957
E3FQ101.txt 9342 9018 18360 195406.08115382306 221288.49953401677 416694.5806878398
E3PQ102.txt 23753 315809 339562 100499.57428147068 106840.201409547 207339.77569101768
E3FQ102.txt 20526 81851 102377 294390.3753888033 411227.79496738117 705618.1703561845
E3PQ103.txt 11868 109630 121498 97395.38703714857 34495.49103806001 131890.87807520857
E3FQ103.txt 10441 23882 34323 289891.0892872133 132773.09972041007 422664.18900762335
E3PQ104.txt 23749 315809 339558 100499.57428147068 106840.201409547 207339.77569101768
E3FQ104.txt 20526 81851 102377 294390.3753888033 411227.79496738117 705618.1703561845
E3PQ105.txt 20908 312741 333649 100467.19299577779 105995.25786822248 206462.45086400028
E3FQ105.txt 28480 147987 176467 294390.3753888033 411227.79496738117 705618.1703561845
E3PQ106.txt 20354 351503 371857 98234.12811633619 105339.78182252754 203573.9099388637
E3FQ106.txt 14060 82166 96226 198475.1306138481 411227.79496738117 609702.9255812293
E3PQ107.txt 20371 541 20912 191837.23226425337 164.92841778586973 192002.16068203925
E3FQ107.txt 20641 622 21263 287752.35579079896 461.0177073625349 288213.3734981615
E3PQ108.txt 20371 541 20912 191837.23226425337 164.92841778586973 192002.16068203925
E3FQ108.txt 20791 622 21413 287752.35579079896 461.0177073625349 288213.3734981615
E3PQ109.txt 20448 604 21052 192154.13983836854 7916.564053721749 200070.7038920903
E3FQ109.txt 21606 2035 23641 288063.56468965806 22128.849953401677 310192.4146430597
E3PQ110.txt 20448 604 21052 192154.13983836854 7916.564053721749 200070.7038920903
E3FQ110.txt 21606 2035 23641 288063.56468965806 22128.849953401677 310192.4146430597
E3PQ111.txt 20371 541 20912 191837.23226425337 164.92841778586973 192002.16068203925
E3FQ111.txt 20641 622 21263 287752.35579079896 461.0177073625349 288213.3734981615
E3PQ112.txt 19503 351508 371011 98233.09887321918 105244.23413829073 203477.3330115099
E3FQ112.txt 14169 205070 219239 195664.31832521682 237270.44672258463 432934.7650478014
E3PQ113.txt 20417 309044 329461 100406.57778118025 104413.59015539828 204820.16793657854
E3FQ113.txt 19649 215233 234882 291579.56310017203 237270.44672258463 528850.0098227566
E3PQ114.txt 32214 27275 59489 225004.03387509953 1154849.35694315 1379853.3908182497
E3FQ114.txt 137880 131563 269443 216710.64779380232 1539799.142590867 1756509.7903846693
E3PQ115.txt 216055 152750 368805 233297.4199563968 1539799.142590867 1773096.5625472637
E3FQ115.txt 137880 131563 269443 216710.64779380232 1539799.142590867 1756509.7903846693
E3PQ116.txt 147509 273201 420710 113281.11509655173 423990.79123211076 537271.9063286625
E3FQ116.txt 137880 131563 269443 216710.64779380232 1539799.142590867 1756509.7903846693
E3PQ117.txt 216052 152750 368802 233297.4199563968 1539799.142590867 1773096.5625472637
E3FQ117.txt 137880 131563 269443 216710.64779380232 1539799.142590867 1756509.7903846693
E3PQ118.txt 32211 27275 59486 225004.03387509953 1154849.35694315 1379853.3908182497
E3FQ118.txt 137877 131563 269440 216710.64779380232 1539799.142590867 1756509.7903846693
E3PQ119.txt 147486 273201 420687 113281.11509655173 423990.79123211076 537271.9063286625
E3FQ119.txt 137877 131563 269440 216710.64779380232 1539799.142590867 1756509.7903846693
E3PQ120.txt 216053 152750 368803 233297.4199563968 1539799.142590867 1773096.5625472637
E3FQ120.txt 137877 131563 269440 216710.64779380232 1539799.142590867 1756509.7903846693
E3PQ121.txt 14154 11005 25159 96521.40456546345 14116.517728910561 110637.92229437402
E3FQ121.txt 15197 22337 37534 288629.7000269442 54707.43460702082 343337.13463396503
E3PQ122.txt 20950 312741 333691 100467.19299577779 105995.25786822248 206462.45086400028
E3FQ122.txt 28480 147987 176467 294390.3753888033 411227.79496738117 705618.1703561845
E3PQ123.txt 20417 309044 329461 100406.57778118025 104413.59015539828 204820.16793657854
E3FQ123.txt 19649 215233 234882 291579.56310017203 237270.44672258463 528850.0098227566
E3PQ124.txt 32211 27275 59486 225004.03387509953 1154849.35694315 1379853.3908182497
E3FQ124.txt 137877 131563 269440 216710.64779380232 1539799.142590867 1756509.7903846693
E3PQ125.txt 216049 152750 368799 233297.4199563968 1539799.142590867 1773096.5625472637
E3FQ125.txt 137877 131563 269440 216710.64779380232 1539799.142590867 1756509.7903846693
E3PQ126.txt 216049 152750 368799 233297.4199563968 1539799.142590867 1773096.5625472637
E3FQ126.txt 137877 131563 269440 216710.64779380232 1539799.142590867 1756509.7903846693
E3PQ127.txt 216049 152750 368799 233297.4199563968 1539799.142590867 1773096.5625472637
E3FQ127.txt 137877 131563 269440 216710.64779380232 1539799.142590867 1756509.7903846693
E3PQ128.txt 216052 152750 368802 233297.4199563968 1539799.142590867 1773096.5625472637
E3FQ128.txt 137877 131563 269440 216710.64779380232 1539799.142590867 1756509.7903846693
E3PQ129.txt 216049 152750 368799 233297.4199563968 1539799.142590867 1773096.5625472637
E3FQ129.txt 137877 131563 269440 216710.64779380232 1539799.142590867 1756509.7903846693
E3PQ130.txt 147528 273201 420729 113281.11509655173 423990.79123211076 537271.9063286625
E3FQ130.txt 137877 131563 269440 216710.64779380232 1539799.142590867 1756509.7903846693
E3PQ131.txt 216049 152750 368799 233297.4199563968 1539799.142590867 1773096.5625472637
E3FQ131.txt 137877 131563 269440 216710.64779380232 1539799.142590867 1756509.7903846693
E3PQ132.txt 216052 152750 368802 233297.4199563968 1539799.142590867 1773096.5625472637
E3FQ132.txt 137877 131563 269440 216710.64779380232 1539799.142590867 1756509.7903846693
E3PQ133.txt 216052 152750 368802 233297.4199563968 1539799.142590867 1773096.5625472637
E3FQ133.txt 137877 131563 269440 216710.64779380232 1539799.142590867 1756509.7903846693
E3PQ134.txt 216054 152750 368804 233297.4199563968 1539799.142590867 1773096.5625472637
E3FQ134.txt 137877 131563 269440 216710.64779380232 1539799.142590867 1756509.7903846693
E3PQ135.txt 216050 152750 368800 233297.4199563968 1539799.142590867 1773096.5625472637
E3FQ135.txt 137877 131563 269440 216710.64779380232 1539799.142590867 1756509.7903846693
E3PQ136.txt 216050 152750 368800 233297.4199563968 1539799.142590867 1773096.5625472637
E3FQ136.txt 137877 131563 269440 216710.64779380232 1539799.142590867 1756509.7903846693
E3PQ137.txt 216050 152750 368800 233297.4199563968 1539799.142590867 1773096.5625472637
E3FQ137.txt 137877 131563 269440 216710.64779380232 1539799.142590867 1756509.7903846693
E3PQ138.txt 216050 152750 368800 233297.4199563968 1539799.142590867 1773096.5625472637
E3FQ138.txt 137877 131563 269440 216710.64779380232 1539799.142590867 1756509.7903846693
E3PQ139.txt 216050 152750 368800 233297.4199563968 1539799.142590867 1773096.5625472637
E3FQ139.txt 137877 131563 269440 216710.64779380232 1539799.142590867 1756509.7903846693
E3PQ140.txt 216050 152750 368800 233297.4199563968 1539799.142590867 1773096.5625472637
E3FQ140.txt 137877 131563 269440 216710.64779380232 1539799.142590867 1756509.7903846693
E3PQ141.txt 216050 152750 368800 233297.4199563968 1539799.142590867 1773096.5625472637
E3FQ141.txt 137877 131563 269440 216710.64779380232 1539799.142590867 1756509.7903846693
E3PQ142.txt 216050 152750 368800 233297.4199563968 1539799.142590867 1773096.5625472637
E3FQ142.txt 137877 131563 269440 216710.64779380232 1539799.142590867 1756509.7903846693
E3PQ143.txt 13179 4183 17362 98303.00577970596 55421.56721920442 153724.5729989104
E3FQ143.txt 7127 915 8042 288222.4798720542 29505.133271202238 317727.6131432564
E3PQ144.txt 20912 312741 333653 100467.19299577779 105995.25786822248 206462.45086400028
E3FQ144.txt 28480 147987 176467 294390.3753888033 411227.79496738117 705618.1703561845
E3PQ145.txt 10784 108280 119064 97384.93209288898 34222.68415476242 131607.6162476514
E3FQ145.txt 10579 36303 46882 289891.0892872133 132773.09972041007 422664.18900762335
E3PQ146.txt 14141 10691 24832 96525.1182070627 14213.419918459917 110738.53812552261
E3FQ146.txt 15346 22420 37766 288629.7000269442 54707.43460702082 343337.13463396503
E3PQ147.txt 16547 44318 60865 97122.10304155672 56026.65442184421 153148.75746340092
E3FQ147.txt 12297 33372 45669 99490.83637886785 221288.49953401677 320779.3359128846
E3PQ148.txt 25571 4118 29689 287821.88118309726 7068.938179558869 294890.8193626561
E3FQ148.txt 25571 4118 29689 287821.88118309726 7068.938179558869 294890.8193626561
E3PQ149.txt 25571 4118 29689 287821.88118309726 7068.938179558869 294890.8193626561
E3FQ149.txt 25571 4118 29689 287821.88118309726 7068.938179558869 294890.8193626561
E3PQ150.txt 19887 975 20862 191904.87184952345 1833.9342004214582 193738.80604994492
E3FQ150.txt 19987 902 20889 287818.5704501307 5071.194780987884 292889.76523111854
E3PQ151.txt 20373 975 21348 191904.87184952345 1833.9342004214582 193738.80604994492
E3FQ151.txt 20785 902 21687 287818.5704501307 5071.194780987884 292889.76523111854
E3PQ152.txt 7365 4488 11853 95995.85258169584 1874.0840662004503 97869.93664789629
E3FQ152.txt 7154 2583 9737 287864.92071166285 7376.283317800559 295241.2040294634
E3PQ153.txt 10499 10351 20850 96470.29812327774 12935.809139272507 109406.10726255024
E3FQ153.txt 10179 21776 31955 288550.2424357461 49789.91239515378 338340.1548308999
E3PQ154.txt 20417 309044 329461 100406.57778118025 104413.59015539828 204820.16793657854
E3FQ154.txt 19649 215233 234882 291579.56310017203 237270.44672258463 528850.0098227566
E3PQ155.txt 14152 10613 24765 96521.40456546345 14116.517728910561 110637.92229437402
E3FQ155.txt 15262 22348 37610 288629.7000269442 54707.43460702082 343337.13463396503
E3PQ156.txt 14152 10613 24765 96521.40456546345 14116.517728910561 110637.92229437402
E3FQ156.txt 15262 22348 37610 288629.7000269442 54707.43460702082 343337.13463396503
E3PQ157.txt 10764 3623 14387 96108.47516912913 4513.258272870783 100621.73344199991
E3FQ157.txt 16532 8218 24750 192118.52331800348 17826.018018018018 209944.5413360215
E3PQ158.txt 11604 4351 15955 96208.42192473632 6847.702207114293 103056.1241318506
E3FQ158.txt 17605 9119 26724 192267.50630149984 27046.372165268716 219313.87846676857
E3PQ159.txt 9074 2453 11527 96015.19153056244 2334.4439342435085 98349.63546480595
E3FQ159.txt 13060 5632 18692 191979.47253340686 9220.354147250699 201199.82668065757
E3PQ160.txt 21692 12293 33985 97122.10304155672 56026.65442184421 153148.75746340092
E3FQ160.txt 24651 15741 40392 99490.83637886785 221288.49953401677 320779.3359128846
E3PQ161.txt 10764 3623 14387 96108.47516912913 4513.258272870783 100621.73344199991
E3FQ161.txt 16532 8218 24750 192118.52331800348 17826.018018018018 209944.5413360215
E3PQ162.txt 11604 4351 15955 96208.42192473632 6847.702207114293 103056.1241318506
E3FQ162.txt 17605 9119 26724 192267.50630149984 27046.372165268716 219313.87846676857
E3PQ163.txt 9074 2453 11527 96015.19153056244 2334.4439342435085 98349.63546480595
E3FQ163.txt 13060 5632 18692 191979.47253340686 9220.354147250699 201199.82668065757
E3PQ164.txt 21692 12293 33985 97122.10304155672 56026.65442184421 153148.75746340092
E3FQ164.txt 24651 15741 40392 99490.83637886785 221288.49953401677 320779.3359128846
E3PQ165.txt 7960 1156 9116 96035.18088168387 2801.3327210922102 98836.51360277609
E3FQ165.txt 11863 3861 15724 192009.26913010617 11064.424976700839 203073.694106807
E3PQ166.txt 21692 12293 33985 97122.10304155672 56026.65442184421 153148.75746340092
E3FQ166.txt 24651 15741 40392 99490.83637886785 221288.49953401677 320779.3359128846
E3PQ167.txt 7960 1156 9116 96035.18088168387 2801.3327210922102 98836.51360277609
E3FQ167.txt 11863 3861 15724 192009.26913010617 11064.424976700839 203073.694106807
E3PQ168.txt 21692 12293 33985 97122.10304155672 56026.65442184421 153148.75746340092
E3FQ168.txt 24651 15741 40392 99490.83637886785 221288.49953401677 320779.3359128846
E3PQ169.txt 20074 352198 372272 98233.7697349421 105306.5122172101 203540.2819521522
E3FQ169.txt 17160 129426 146586 198475.1306138481 411227.79496738117 609702.9255812293
E3PQ170.txt 11252 119287 130539 97378.94514559899 34000.308877305506 131379.2540229045
E3FQ170.txt 11720 83320 95040 291321.3259287784 132773.09972041007 424094.42564918846
E3PQ171.txt 6999 3018 10017 191949.67593670756 7376.283317800559 199325.9592545081
E3FQ171.txt 7141 2870 10011 191949.67593670756 7376.283317800559 199325.9592545081
E3PQ172.txt 23753 315809 339562 100499.57428147068 106840.201409547 207339.77569101768
E3FQ172.txt 20526 81851 102377 294390.3753888033 411227.79496738117 705618.1703561845
E3PQ173.txt 11868 109630 121498 97395.38703714857 34495.49103806001 131890.87807520857
E3FQ173.txt 10441 23882 34323 289891.0892872133 132773.09972041007 422664.18900762335
E3PQ174.txt 32211 27275 59486 225004.03387509953 1154849.35694315 1379853.3908182497
E3FQ174.txt 137877 131563 269440 216710.64779380232 1539799.142590867 1756509.7903846693
E3PQ175.txt 216052 152750 368802 233297.4199563968 1539799.142590867 1773096.5625472637
E3FQ175.txt 137877 131563 269440 216710.64779380232 1539799.142590867 1756509.7903846693
E3PQ176.txt 216052 152750 368802 233297.4199563968 1539799.142590867 1773096.5625472637
E3FQ176.txt 137877 131563 269440 216710.64779380232 1539799.142590867 1756509.7903846693
E3PQ177.txt 216052 152750 368802 233297.4199563968 1539799.142590867 1773096.5625472637
E3FQ177.txt 137877 131563 269440 216710.64779380232 1539799.142590867 1756509.7903846693
E3PQ178.txt 216052 152750 368802 233297.4199563968 1539799.142590867 1773096.5625472637
E3FQ178.txt 137877 131563 269440 216710.64779380232 1539799.142590867 1756509.7903846693
E3PQ179.txt 216049 152750 368799 233297.4199563968 1539799.142590867 1773096.5625472637
E3FQ179.txt 137877 131563 269440 216710.64779380232 1539799.142590867 1756509.7903846693
E3PQ180.txt 216052 152750 368802 233297.4199563968 1539799.142590867 1773096.5625472637
E3FQ180.txt 137877 131563 269440 216710.64779380232 1539799.142590867 1756509.7903846693
E3PQ181.txt 216052 152750 368802 233297.4199563968 1539799.142590867 1773096.5625472637
E3FQ181.txt 137877 131563 269440 216710.64779380232 1539799.142590867 1756509.7903846693
E3PQ182.txt 216052 152750 368802 233297.4199563968 1539799.142590867 1773096.5625472637
E3FQ182.txt 137877 131563 269440 216710.64779380232 1539799.142590867 1756509.7903846693
E3PQ183.txt 147567 273201 420768 113281.11509655173 423990.79123211076 537271.9063286625
E3FQ183.txt 137877 131563 269440 216710.64779380232 1539799.142590867 1756509.7903846693
E3PQ184.txt 216055 152750 368805 233297.4199563968 1539799.142590867 1773096.5625472637
E3FQ184.txt 137877 131563 269440 216710.64779380232 1539799.142590867 1756509.7903846693
E3PQ185.txt 216052 152750 368802 233297.4199563968 1539799.142590867 1773096.5625472637
E3FQ185.txt 137877 131563 269440 216710.64779380232 1539799.142590867 1756509.7903846693
E3PQ186.txt 216052 152750 368802 233297.4199563968 1539799.142590867 1773096.5625472637
E3FQ186.txt 137877 131563 269440 216710.64779380232 1539799.142590867 1756509.7903846693
E3PQ187.txt 216055 152750 368805 233297.4199563968 1539799.142590867 1773096.5625472637
E3FQ187.txt 137877 131563 269440 216710.64779380232 1539799.142590867 1756509.7903846693
E3PQ188.txt 216052 152750 368802 233297.4199563968 1539799.142590867 1773096.5625472637
E3FQ188.txt 137877 131563 269440 216710.64779380232 1539799.142590867 1756509.7903846693
E3PQ189.txt 216052 152750 368802 233297.4199563968 1539799.142590867 1773096.5625472637
E3FQ189.txt 137877 131563 269440 216710.64779380232 1539799.142590867 1756509.7903846693
E3PQ190.txt 216052 152750 368802 233297.4199563968 1539799.142590867 1773096.5625472637
E3FQ190.txt 137877 131563 269440 216710.64779380232 1539799.142590867 1756509.7903846693
E3PQ191.txt 216054 152750 368804 233297.4199563968 1539799.142590867 1773096.5625472637
E3FQ191.txt 137877 131563 269440 216710.64779380232 1539799.142590867 1756509.7903846693
E3PQ192.txt 216054 152750 368804 233297.4199563968 1539799.142590867 1773096.5625472637
E3FQ192.txt 137877 131563 269440 216710.64779380232 1539799.142590867 1756509.7903846693
E3PQ193.txt 19499 351508 371007 98233.09887321918 105244.23413829073 203477.3330115099
E3FQ193.txt 14166 205070 219236 195664.31832521682 237270.44672258463 432934.7650478014
E3PQ194.txt 10708 118314 129022 97378.72854450459 33980.201156757554 131358.92970126215
E3FQ194.txt 10812 151909 162721 289891.0892872133 132773.09972041007 422664.18900762335
E3PQ195.txt 20417 309044 329461 100406.57778118025 104413.59015539828 204820.16793657854
E3FQ195.txt 19649 215233 234882 291579.56310017203 237270.44672258463 528850.0098227566
E3PQ196.txt 32214 27275 59489 225004.03387509953 1154849.35694315 1379853.3908182497
E3FQ196.txt 137880 131563 269443 216710.64779380232 1539799.142590867 1756509.7903846693
E3PQ197.txt 147564 273201 420765 113281.11509655173 423990.79123211076 537271.9063286625
E3FQ197.txt 137880 131563 269443 216710.64779380232 1539799.142590867 1756509.7903846693
E3PQ198.txt 216052 152750 368802 233297.4199563968 1539799.142590867 1773096.5625472637
E3FQ198.txt 137880 131563 269443 216710.64779380232 1539799.142590867 1756509.7903846693
E3PQ199.txt 216052 152750 368802 233297.4199563968 1539799.142590867 1773096.5625472637
E3FQ199.txt 137880 131563 269443 216710.64779380232 1539799.142590867 1756509.7903846693
E3PQ200.txt 32214 27275 59489 225004.03387509953 1154849.35694315 1379853.3908182497
E3FQ200.txt 137880 131563 269443 216710.64779380232 1539799.142590867 1756509.7903846693
E3PQ201.txt 216052 152750 368802 233297.4199563968 1539799.142590867 1773096.5625472637
E3FQ201.txt 137880 131563 269443 216710.64779380232 1539799.142590867 1756509.7903846693
E3PQ202.txt 216052 152750 368802 233297.4199563968 1539799.142590867 1773096.5625472637
E3FQ202.txt 137880 131563 269443 216710.64779380232 1539799.142590867 1756509.7903846693
E3PQ203.txt 216052 152750 368802 233297.4199563968 1539799.142590867 1773096.5625472637
E3FQ203.txt 137880 131563 269443 216710.64779380232 1539799.142590867 1756509.7903846693
E3PQ204.txt 216052 152750 368802 233297.4199563968 1539799.142590867 1773096.5625472637
E3FQ204.txt 137880 131563 269443 216710.64779380232 1539799.142590867 1756509.7903846693
E3PQ205.txt 216052 152750 368802 233297.4199563968 1539799.142590867 1773096.5625472637
E3FQ205.txt 137880 131563 269443 216710.64779380232 1539799.142590867 1756509.7903846693
E3PQ206.txt 216052 152750 368802 233297.4199563968 1539799.142590867 1773096.5625472637
E3FQ206.txt 137880 131563 269443 216710.64779380232 1539799.142590867 1756509.7903846693
E3PQ207.txt 216056 152750 368806 233297.4199563968 1539799.142590867 1773096.5625472637
E3FQ207.txt 137880 131563 269443 216710.64779380232 1539799.142590867 1756509.7903846693
E3PQ208.txt 216052 152750 368802 233297.4199563968 1539799.142590867 1773096.5625472637
E3FQ208.txt 137880 131563 269443 216710.64779380232 1539799.142590867 1756509.7903846693
E3PQ209.txt 216052 152750 368802 233297.4199563968 1539799.142590867 1773096.5625472637
E3FQ209.txt 137880 131563 269443 216710.64779380232 1539799.142590867 1756509.7903846693
E3PQ210.txt 147571 273201 420772 113281.11509655173 423990.79123211076 537271.9063286625
E3FQ210.txt 137880 131563 269443 216710.64779380232 1539799.142590867 1756509.7903846693
E3PQ211.txt 216052 152750 368802 233297.4199563968 1539799.142590867 1773096.5625472637
E3FQ211.txt 137880 131563 269443 216710.64779380232 1539799.142590867 1756509.7903846693
E3PQ212.txt 216052 152750 368802 233297.4199563968 1539799.142590867 1773096.5625472637
E3FQ212.txt 137880 131563 269443 216710.64779380232 1539799.142590867 1756509.7903846693
E3PQ213.txt 216052 152750 368802 233297.4199563968 1539799.142590867 1773096.5625472637
E3FQ213.txt 137880 131563 269443 216710.64779380232 1539799.142590867 1756509.7903846693
E3PQ214.txt 216052 152750 368802 233297.4199563968 1539799.142590867 1773096.5625472637
E3FQ214.txt 137880 131563 269443 216710.64779380232 1539799.142590867 1756509.7903846693
E3PQ215.txt 216052 152750 368802 233297.4199563968 1539799.142590867 1773096.5625472637
E3FQ215.txt 137880 131563 269443 216710.64779380232 1539799.142590867 1756509.7903846693
E3PQ216.txt 216052 152750 368802 233297.4199563968 1539799.142590867 1773096.5625472637
E3FQ216.txt 137880 131563 269443 216710.64779380232 1539799.142590867 1756509.7903846693
E3PQ217.txt 216052 152750 368802 233297.4199563968 1539799.142590867 1773096.5625472637
E3FQ217.txt 137880 131563 269443 216710.64779380232 1539799.142590867 1756509.7903846693
E3PQ218.txt 216052 152750 368802 233297.4199563968 1539799.142590867 1773096.5625472637
E3FQ218.txt 137880 131563 269443 216710.64779380232 1539799.142590867 1756509.7903846693
E3PQ219.txt 216052 152750 368802 233297.4199563968 1539799.142590867 1773096.5625472637
E3FQ219.txt 137880 131563 269443 216710.64779380232 1539799.142590867 1756509.7903846693
E3PQ220.txt 216052 152750 368802 233297.4199563968 1539799.142590867 1773096.5625472637
E3FQ220.txt 137880 131563 269443 216710.64779380232 1539799.142590867 1756509.7903846693
E3PQ221.txt 216052 152750 368802 233297.4199563968 1539799.142590867 1773096.5625472637
E3FQ221.txt 137880 131563 269443 216710.64779380232 1539799.142590867 1756509.7903846693
E3PQ222.txt 20417 309044 329461 100406.57778118025 104413.59015539828 204820.16793657854
E3FQ222.txt 19649 215233 234882 291579.56310017203 237270.44672258463 528850.0098227566
E3PQ223.txt 10508 107013 117521 97365.36126127005 33712.01117124968 131077.37243251974
E3FQ223.txt 9649 65287 74936 289891.0892872133 132773.09972041007 422664.18900762335
E3PQ224.txt 23753 315809 339562 100499.57428147068 106840.201409547 207339.77569101768
E3FQ224.txt 20526 81851 102377 294390.3753888033 411227.79496738117 705618.1703561845
E3PQ225.txt 32214 27275 59489 225004.03387509953 1154849.35694315 1379853.3908182497
E3FQ225.txt 137880 131563 269443 216710.64779380232 1539799.142590867 1756509.7903846693
E3PQ226.txt 147548 273201 420749 113281.11509655173 423990.79123211076 537271.9063286625
E3FQ226.txt 137880 131563 269443 216710.64779380232 1539799.142590867 1756509.7903846693
E3PQ227.txt 216052 152750 368802 233297.4199563968 1539799.142590867 1773096.5625472637
E3FQ227.txt 137880 131563 269443 216710.64779380232 1539799.142590867 1756509.7903846693
E3PQ228.txt 10499 10351 20850 96470.29812327774 12935.809139272507 109406.10726255024
E3FQ228.txt 10196 21776 31972 288550.2424357461 49789.91239515378 338340.1548308999
E3PQ229.txt 23887 40206 64093 98313.96690952757 56026.65442184421 154340.62133137177
E3FQ229.txt 24898 32913 57811 195406.08115382306 221288.49953401677 416694.5806878398
E3PQ230.txt 20879 14683 35562 98329.22202696426 56067.94240125587 154397.16442822013
E3FQ230.txt 15739 37231 52970 291321.32592877845 221288.49953401677 512609.8254627952
E3PQ231.txt 20879 14683 35562 98329.22202696426 56067.94240125587 154397.16442822013
E3FQ231.txt 15683 37231 52914 291321.32592877845 221288.49953401677 512609.8254627952
E3PQ232.txt 9976 6195 16171 96035.18088168387 2801.3327210922102 98836.51360277609
E3FQ232.txt 11504 5912 17416 192009.26913010617 11064.424976700839 203073.694106807
E3PQ233.txt 23809 40206 64015 98313.96690952757 56026.65442184421 154340.62133137177
E3FQ233.txt 24859 32913 57772 195406.08115382306 221288.49953401677 416694.5806878398
E3PQ234.txt 147486 273201 420687 113281.11509655173 423990.79123211076 537271.9063286625
E3FQ234.txt 137880 131563 269443 216710.64779380232 1539799.142590867 1756509.7903846693
E3PQ235.txt 32211 27275 59486 225004.03387509953 1154849.35694315 1379853.3908182497
E3FQ235.txt 137880 131563 269443 216710.64779380232 1539799.142590867 1756509.7903846693
E3PQ236.txt 216049 152750 368799 233297.4199563968 1539799.142590867 1773096.5625472637
E3FQ236.txt 137880 131563 269443 216710.64779380232 1539799.142590867 1756509.7903846693
E3PQ237.txt 216056 152750 368806 233297.4199563968 1539799.142590867 1773096.5625472637
E3FQ237.txt 137880 131563 269443 216710.64779380232 1539799.142590867 1756509.7903846693
E3PQ238.txt 20946 312741 333687 100467.19299577779 105995.25786822248 206462.45086400028
E3FQ238.txt 28477 147987 176464 294390.3753888033 411227.79496738117 705618.1703561845
E3PQ239.txt 29188 52168 81356 98358.21395820213 57384.459455116645 155742.6734133188
E3FQ239.txt 21190 47891 69081 195406.08115382306 221288.49953401677 416694.5806878398
E3PQ240.txt 20875 14683 35558 98329.22202696426 56067.94240125587 154397.16442822013
E3FQ240.txt 15778 37231 53009 291321.32592877845 221288.49953401677 512609.8254627952
E3PQ241.txt 15604 33724 49328 97137.3581589934 56067.94240125587 153205.30056024928
E3FQ241.txt 13378 36592 49970 195406.08115382306 221288.49953401677 416694.5806878398
E3PQ242.txt 24924 66506 91430 98328.77727135386 56026.65442184421 154355.43169319807
E3FQ242.txt 21268 47891 69159 195406.08115382306 221288.49953401677 416694.5806878398
E3PQ243.txt 7453 1199 8652 192466.15027949496 22128.849953401677 214595.00023289665
E3FQ243.txt 22013 1753 23766 191989.40473230663 14752.566635601119 206741.97136790774
E3PQ244.txt 22013 1753 23766 191989.40473230663 14752.566635601119 206741.97136790774
E3FQ244.txt 22013 1753 23766 191989.40473230663 14752.566635601119 206741.97136790774
E3PQ245.txt 23151 2833 25984 192466.15027949496 22128.849953401677 214595.00023289665
E3FQ245.txt 22013 1753 23766 191989.40473230663 14752.566635601119 206741.97136790774
E3PQ246.txt 7095 905 8000 95941.91269596056 619.1789930254039 96561.09168898597
E3FQ246.txt 7771 1281 9052 287785.46312046476 2458.7611059335195 290244.2242263983
E3PQ247.txt 20413 309044 329457 100406.57778118025 104413.59015539828 204820.16793657854
E3FQ247.txt 19646 215233 234879 291579.56310017203 237270.44672258463 528850.0098227566
E3PQ248.txt 23749 315809 339558 100499.57428147068 106840.201409547 207339.77569101768
E3FQ248.txt 20523 81851 102374 294390.3753888033 411227.79496738117 705618.1703561845
E3PQ249.txt 11864 109630 121494 97395.38703714857 34495.49103806001 131890.87807520857
E3FQ249.txt 10438 23882 34320 289891.0892872133 132773.09972041007 422664.18900762335
E3PQ250.txt 14141 10691 24832 96525.1182070627 14213.419918459917 110738.53812552261
E3FQ250.txt 15346 22420 37766 288629.7000269442 54707.43460702082 343337.13463396503
E3PQ251.txt 10277 11678 21955 96466.91829215933 12847.617258896129 109314.53555105547
E3FQ251.txt 9798 13596 23394 288550.2424357461 49789.91239515378 338340.1548308999
E3PQ252.txt 32211 27275 59486 225004.03387509953 1154849.35694315 1379853.3908182497
E3FQ252.txt 137877 131563 269440 216710.64779380232 1539799.142590867 1756509.7903846693
E3PQ253.txt 216049 152750 368799 233297.4199563968 1539799.142590867 1773096.5625472637
E3FQ253.txt 137877 131563 269440 216710.64779380232 1539799.142590867 1756509.7903846693
E3PQ254.txt 147504 273201 420705 113281.11509655173 423990.79123211076 537271.9063286625
E3FQ254.txt 137877 131563 269440 216710.64779380232 1539799.142590867 1756509.7903846693
E3PQ255.txt 216050 152750 368800 233297.4199563968 1539799.142590867 1773096.5625472637
E3FQ255.txt 137877 131563 269440 216710.64779380232 1539799.142590867 1756509.7903846693
E3PQ256.txt 8573 4190 12763 288540.31023684645 29505.133271202238 318045.44350804866
E3FQ256.txt 8609 3894 12503 288540.31023684645 29505.133271202238 318045.44350804866
E3PQ257.txt 9103 4406 13509 288540.31023684645 29505.133271202238 318045.44350804866
E3FQ257.txt 8654 3894 12548 288540.31023684645 29505.133271202238 318045.44350804866
E3PQ258.txt 7201 460 7661 96074.51101777985 2470.9823478393705 98545.49336561922
E3FQ258.txt 6870 267 7137 288010.59296219266 9835.044423734078 297845.63738592673
E3PQ259.txt 9127 4406 13533 288540.31023684645 29505.133271202238 318045.44350804866
E3FQ259.txt 8609 3894 12503 288540.31023684645 29505.133271202238 318045.44350804866
E3PQ260.txt 9120 4406 13526 288540.31023684645 29505.133271202238 318045.44350804866
E3FQ260.txt 8695 3894 12589 288540.31023684645 29505.133271202238 318045.44350804866
E3PQ261.txt 9168 4406 13574 288540.31023684645 29505.133271202238 318045.44350804866
E3FQ261.txt 8609 3894 12503 288540.31023684645 29505.133271202238 318045.44350804866
E3PQ262.txt 7201 460 7661 96074.51101777985 2470.9823478393705 98545.49336561922
E3FQ262.txt 6870 267 7137 288010.59296219266 9835.044423734078 297845.63738592673
E3PQ263.txt 9185 4406 13591 288540.31023684645 29505.133271202238 318045.44350804866
E3FQ263.txt 8632 3894 12526 288540.31023684645 29505.133271202238 318045.44350804866
E3PQ264.txt 6880 5395 12275 95928.64414094533 314.7701492320404 96243.41429017736
E3FQ264.txt 7066 7509 14575 191850.35394770998 1229.3805529667598 193079.73450067674
E3PQ265.txt 7742 18620 26362 96022.43970287585 2518.1611938563233 98540.60089673218
E3FQ265.txt 7166 20516 27682 191989.4047323066 9835.044423734078 201824.44915604068
E3PQ266.txt 7024 4436 11460 95988.94128790067 1731.235820776222 97720.17710867689
E3FQ266.txt 6763 7464 14227 191939.74373780782 6761.593041317179 198701.336779125
E3PQ267.txt 19554 364658 384212 98182.45234398938 105290.61491811751 203473.0672621069
E3FQ267.txt 11627 210163 221790 102559.8858388928 411227.79496738117 513787.68080627394
E3PQ268.txt 20417 309044 329461 100406.57778118025 104413.59015539828 204820.16793657854
E3FQ268.txt 19649 215233 234882 291579.56310017203 237270.44672258463 528850.0098227566
E3PQ269.txt 15552 33724 49276 97137.3581589934 56067.94240125587 153205.30056024928
E3FQ269.txt 13381 36592 49973 195406.08115382306 221288.49953401677 416694.5806878398
E3PQ270.txt 14151 11005 25156 96521.40456546345 14116.517728910561 110637.92229437402
E3FQ270.txt 15197 22337 37534 288629.7000269442 54707.43460702082 343337.13463396503
E3PQ271.txt 147504 273201 420705 113281.11509655173 423990.79123211076 537271.9063286625
E3FQ271.txt 137880 131563 269443 216710.64779380232 1539799.142590867 1756509.7903846693
E3PQ272.txt 32211 27275 59486 225004.03387509953 1154849.35694315 1379853.3908182497
E3FQ272.txt 137880 131563 269443 216710.64779380232 1539799.142590867 1756509.7903846693
E3PQ273.txt 216049 152750 368799 233297.4199563968 1539799.142590867 1773096.5625472637
E3FQ273.txt 137880 131563 269443 216710.64779380232 1539799.142590867 1756509.7903846693
E3PQ274.txt 32214 27275 59489 225004.03387509953 1154849.35694315 1379853.3908182497
E3FQ274.txt 137880 131563 269443 216710.64779380232 1539799.142590867 1756509.7903846693
E3PQ275.txt 216052 152750 368802 233297.4199563968 1539799.142590867 1773096.5625472637
E3FQ275.txt 137880 131563 269443 216710.64779380232 1539799.142590867 1756509.7903846693
E3PQ276.txt 147570 273201 420771 113281.11509655173 423990.79123211076 537271.9063286625
E3FQ276.txt 137880 131563 269443 216710.64779380232 1539799.142590867 1756509.7903846693
E3PQ277.txt 216052 152750 368802 233297.4199563968 1539799.142590867 1773096.5625472637
E3FQ277.txt 137880 131563 269443 216710.64779380232 1539799.142590867 1756509.7903846693
E3PQ278.txt 216052 152750 368802 233297.4199563968 1539799.142590867 1773096.5625472637
E3FQ278.txt 137880 131563 269443 216710.64779380232 1539799.142590867 1756509.7903846693
E3PQ279.txt 216052 152750 368802 233297.4199563968 1539799.142590867 1773096.5625472637
E3FQ279.txt 137880 131563 269443 216710.64779380232 1539799.142590867 1756509.7903846693
E3PQ280.txt 21158 513 21671 287821.88118309726 7068.938179558869 294890.8193626561
E3FQ280.txt 21158 513 21671 287821.88118309726 7068.938179558869 294890.8193626561
E3PQ281.txt 21158 513 21671 287821.88118309726 7068.938179558869 294890.8193626561
E3FQ281.txt 21158 513 21671 287821.88118309726 7068.938179558869 294890.8193626561
E3PQ282.txt 15662 19652 35314 293705.0536647201 221288.49953401677 514993.55319873686
E3FQ282.txt 15683 37231 52914 291321.32592877845 221288.49953401677 512609.8254627952
E3PQ283.txt 9681 8348 18029 96210.21258580174 6845.892496445827 103056.10508224757
E3FQ283.txt 6876 139 7015 288182.75107645505 27046.372165268716 315229.12324172375
E3PQ284.txt 20940 49283 70223 98329.22202696426 56067.94240125587 154397.16442822013
E3FQ284.txt 15689 37231 52920 291321.32592877845 221288.49953401677 512609.8254627952
E3PQ285.txt 19553 351938 371491 98236.83981003729 105591.51637310685 203828.35618314415
E3FQ285.txt 14899 222059 236958 198475.1306138481 411227.79496738117 609702.9255812293
E3PQ286.txt 32214 27275 59489 225004.03387509953 1154849.35694315 1379853.3908182497
E3FQ286.txt 137880 131563 269443 216710.64779380232 1539799.142590867 1756509.7903846693
E3PQ287.txt 216052 152750 368802 233297.4199563968 1539799.142590867 1773096.5625472637
E3FQ287.txt 137880 131563 269443 216710.64779380232 1539799.142590867 1756509.7903846693
E3PQ288.txt 216052 152750 368802 233297.4199563968 1539799.142590867 1773096.5625472637
E3FQ288.txt 137880 131563 269443 216710.64779380232 1539799.142590867 1756509.7903846693
E3PQ289.txt 216052 152750 368802 233297.4199563968 1539799.142590867 1773096.5625472637
E3FQ289.txt 137880 131563 269443 216710.64779380232 1539799.142590867 1756509.7903846693
E3PQ290.txt 216052 152750 368802 233297.4199563968 1539799.142590867 1773096.5625472637
E3FQ290.txt 137880 131563 269443 216710.64779380232 1539799.142590867 1756509.7903846693
E3PQ291.txt 216052 152750 368802 233297.4199563968 1539799.142590867 1773096.5625472637
E3FQ291.txt 137880 131563 269443 216710.64779380232 1539799.142590867 1756509.7903846693
E3PQ292.txt 216052 152750 368802 233297.4199563968 1539799.142590867 1773096.5625472637
E3FQ292.txt 137880 131563 269443 216710.64779380232 1539799.142590867 1756509.7903846693
E3PQ293.txt 147525 273201 420726 113281.11509655173 423990.79123211076 537271.9063286625
E3FQ293.txt 137880 131563 269443 216710.64779380232 1539799.142590867 1756509.7903846693
E3PQ294.txt 216052 152750 368802 233297.4199563968 1539799.142590867 1773096.5625472637
E3FQ294.txt 137880 131563 269443 216710.64779380232 1539799.142590867 1756509.7903846693
E3PQ295.txt 216052 152750 368802 233297.4199563968 1539799.142590867 1773096.5625472637
E3FQ295.txt 137880 131563 269443 216710.64779380232 1539799.142590867 1756509.7903846693
E3PQ296.txt 216052 152750 368802 233297.4199563968 1539799.142590867 1773096.5625472637
E3FQ296.txt 137880 131563 269443 216710.64779380232 1539799.142590867 1756509.7903846693
E3PQ297.txt 216052 152750 368802 233297.4199563968 1539799.142590867 1773096.5625472637
E3FQ297.txt 137880 131563 269443 216710.64779380232 1539799.142590867 1756509.7903846693
E3PQ298.txt 216052 152750 368802 233297.4199563968 1539799.142590867 1773096.5625472637
E3FQ298.txt 137880 131563 269443 216710.64779380232 1539799.142590867 1756509.7903846693
E3PQ299.txt 216052 152750 368802 233297.4199563968 1539799.142590867 1773096.5625472637
E3FQ299.txt 137880 131563 269443 216710.64779380232 1539799.142590867 1756509.7903846693
