Run experiment
Processed 50000 lines of 10000nodes-sin.graph
Processed 50000 lines of 10000nodes-sout.graph
compute neighbourhood
1.269235307E9
loading graph takes 1.271120356E9
test.txt
Running extension
90567548|5189526883484948|1000008061 true
90567548|4951815348|1000008061 true
90567548|5088677748|1000002369 true
90567548|555690505148|1000008072 true
90567548|5189526883484948|1000008061 true
90567548|4951815348|1000008061 true
90567548|5088677748|1000002369 true
90567548|555690505148|1000008072 false
90567548|5189526883484948|1000008061 true
90567548|4951815348|1000008061 true
90567548|5088677748|1000002369 true
90567548|555690505148|1000008072 false
90567548|56525067875148|1000008072 true
90567548|5189526883484948|1000008061 true
90567548|4951815348|1000008061 true
90567548|5088677748|1000002369 true
90567548|5189526883484948|1000008061 true
90567548|4951815348|1000008061 true
90567548|5088677748|1000002369 true
90567548|555690505148|1000008072 false
90567548|56525067875148|1000008072 false
90567548|5189526883484948|1000008061 true
90567548|4951815348|1000008061 true
90567548|5088677748|1000002369 true
90567548|555690505148|1000008072 false
90567548|56525067875148|1000008072 false
90567548|5189526883484948|1000008061 true
90567548|4951815348|1000008061 true
90567548|71564895826848|1000008072 true
90567548|5088677748|1000002369 true
90567548|5189526883484948|1000008061 true
90567548|4951815348|1000008061 true
90567548|5088677748|1000002369 true
90567548|555690505148|1000008072 false
90567548|56525067875148|1000008072 false
90567548|5189526883484948|1000008061 true
90567548|4951815348|1000008061 true
90567548|71564895826848|1000008072 false
90567548|5189526883484948|1000008061 true
90567548|4951815348|1000008061 true
90567548|5088677748|1000002369 true
90567548|555690505148|1000008072 false
90567548|56525067875148|1000008072 false
90567548|5189526883484948|1000008061 true
90567548|4951815348|1000008061 true
90567548|71564895826848|1000008072 false
90567548|778488556648|1000008072 true
90567548|5189526883484948|1000008061 true
90567548|4951815348|1000008061 true
90567548|5088677748|1000002369 true
90567548|5189526883484948|1000008061 true
90567548|4951815348|1000008061 true
90567548|5088677748|1000002369 true
90567548|555690505148|1000008072 false
90567548|56525067875148|1000008072 false
90567548|5189526883484948|1000008061 true
90567548|4951815348|1000008061 true
90567548|71564895826848|1000008072 false
90567548|778488556648|1000008072 false
90567548|5189526883484948|1000008061 true
90567548|4951815348|1000008061 true
90567548|5088677748|1000002369 true
90567548|555690505148|1000008072 false
90567548|56525067875148|1000008072 false
90567548|5189526883484948|1000008061 true
90567548|4951815348|1000008061 true
90567548|71564895826848|1000008072 false
90567548|778488556648|1000008072 false
90567548|828666814948|1000008072 true
90567548|5189526883484948|1000008061 true
90567548|4951815348|1000008061 true
90567548|5088677748|1000002369 true
90567548|5189526883484948|1000008061 true
90567548|4951815348|1000008061 true
90567548|5088677748|1000002369 true
90567548|555690505148|1000008072 false
90567548|5189526883484948|1000008061 true
90567548|4951815348|1000008061 true
90567548|5088677748|1000002369 true
90567548|555690505148|1000008072 false
90567548|56525067875148|1000008072 false
90567548|5189526883484948|1000008061 true
90567548|4951815348|1000008061 true
90567548|5088677748|1000002369 true
90567548|555690505148|1000008072 false
90567548|56525067875148|1000008072 false
90567548|5189526883484948|1000008061 true
90567548|4951815348|1000008061 true
90567548|71564895826848|1000008072 false
90567548|5189526883484948|1000008061 true
90567548|4951815348|1000008061 true
90567548|5088677748|1000002369 true
90567548|555690505148|1000008072 false
90567548|56525067875148|1000008072 false
90567548|5189526883484948|1000008061 true
90567548|4951815348|1000008061 true
90567548|71564895826848|1000008072 false
90567548|778488556648|1000008072 false
result 5
