498180565348 51905256537248 1000000298
488380515348 51905256537248 1000000298
51905256537248 488380515348 1000000316
51905256537248 498180565348 1000000316
498180565348 705480515648 1000000291
746849684948 498180565348 1000000263
836777674948 488380515348 1000000263
805075755548 488380515348 1000000300
705480515648 488380515348 1000000263
488380515348 84875190537248 1000001437
54676657537248 488380515348 1000000316
705480515648 707167505248 1000000263
825657875148 705480515648 1000000291
954880485248 705480515648 1000000291
547895784948 705480515648 1000000291
705480515648 905767715148 1000000263
807472496748 746849684948 1000001570
81957071675348 746849684948 1000001572
807472496748 746849684948 1000001568
81957071675348 746849684948 1000001570
746849684948 675275715148 1000000263
