1
t # 0 83 281
v 0 0
v 1 1
v 2 2
v 3 3
v 4 4
v 5 5
v 6 6
v 7 7
v 8 8
v 9 9
v 10 10
v 11 11
v 12 12
v 13 13
v 14 14
v 15 15
v 16 16
v 17 17
v 18 18
v 19 19
v 20 20
v 21 21
v 22 22
v 23 23
v 24 24
v 25 25
v 26 26
v 27 27
v 28 28
v 29 29
v 30 30
v 31 31
v 32 32
v 33 33
v 34 34
v 35 35
v 36 36
v 37 37
v 38 38
v 39 39
v 40 40
v 41 41
v 42 42
v 43 43
v 44 44
v 45 45
v 46 46
v 47 47
v 48 48
v 49 49
v 50 50
v 51 51
v 52 52
v 53 53
v 54 54
v 55 55
v 56 56
v 57 57
v 58 58
v 59 59
v 60 60
v 61 61
v 62 62
v 63 63
v 64 64
v 65 65
v 66 66
v 67 67
v 68 68
v 69 69
v 70 70
v 71 71
v 72 72
v 73 73
v 74 74
v 75 75
v 76 76
v 77 77
v 78 78
v 79 79
v 80 80
v 81 81
v 82 82
e 65 79 0
e 46 31 1
e 13 28 2
e 78 23 3
e 24 13 4
e 42 48 5
e 11 78 1
e 50 75 6
e 4 17 4
e 8 68 7
e 73 68 8
e 35 53 9
e 0 14 2
e 78 46 10
e 36 66 2
e 31 46 10
e 3 43 7
e 66 62 11
e 64 13 4
e 7 55 12
e 32 54 2
e 29 46 10
e 17 33 2
e 48 44 13
e 29 26 3
e 66 67 14
e 44 48 7
e 46 78 1
e 67 36 4
e 14 38 15
e 4 43 8
e 3 16 8
e 72 43 5
e 79 65 12
e 21 34 4
e 56 43 0
e 4 48 7
e 42 22 0
e 43 56 12
e 4 13 16
e 68 66 15
e 68 36 4
e 73 48 5
e 13 2 2
e 7 75 6
e 22 32 4
e 17 26 2
e 38 79 11
e 62 36 4
e 11 49 1
e 66 36 4
e 32 19 2
e 51 72 12
e 56 70 7
e 9 53 9
e 0 38 2
e 69 0 4
e 44 81 8
e 36 8 2
e 13 64 2
e 35 11 10
e 59 13 4
e 16 3 12
e 36 25 2
e 38 50 11
e 13 43 2
e 13 24 2
e 40 17 4
e 20 0 4
e 13 80 2
e 17 23 2
e 68 8 13
e 29 78 17
e 13 47 2
e 29 11 10
e 0 20 2
e 57 58 8
e 25 68 8
e 10 16 2
e 76 58 2
e 30 43 0
e 19 32 4
e 8 36 4
e 70 13 4
e 79 38 15
e 31 53 9
e 21 78 18
e 71 11 10
e 78 11 10
e 29 53 9
e 77 5 19
e 30 47 5
e 73 48 7
e 44 52 4
e 51 75 6
e 60 32 4
e 11 46 10
e 0 7 2
e 63 46 10
e 70 56 13
e 46 29 1
e 75 10 4
e 57 48 7
e 11 39 20
e 29 15 21
e 13 48 2
e 55 7 8
e 20 75 6
e 42 32 4
e 50 0 4
e 22 42 12
e 29 71 17
e 65 0 4
e 36 61 2
e 48 65 13
e 73 36 4
e 58 76 4
e 32 42 2
e 38 20 11
e 29 15 22
e 25 36 4
e 71 53 9
e 71 15 22
e 71 15 21
e 44 48 5
e 43 59 13
e 78 53 9
e 46 6 1
e 38 14 11
e 17 37 2
e 37 17 4
e 72 51 8
e 17 56 2
e 78 29 23
e 77 78 24
e 42 48 7
e 48 13 4
e 48 73 13
e 48 42 13
e 71 29 23
e 27 56 25
e 3 43 5
e 6 46 10
e 43 72 13
e 3 16 0
e 79 50 6
e 61 36 4
e 43 4 12
e 38 7 11
e 46 11 1
e 11 71 1
e 82 46 10
e 81 52 4
e 49 53 9
e 71 46 10
e 0 79 2
e 4 48 5
e 52 81 2
e 11 63 1
e 17 45 2
e 72 59 26
e 44 81 0
e 11 53 9
e 54 32 4
e 73 68 0
e 16 10 4
e 8 68 5
e 6 53 9
e 56 13 16
e 18 4 27
e 0 50 2
e 46 35 1
e 13 70 2
e 45 17 4
e 4 43 0
e 66 68 11
e 56 70 5
e 65 79 8
e 49 46 10
e 0 69 2
e 36 73 2
e 74 46 10
e 72 12 4
e 74 53 9
e 17 4 2
e 72 43 7
e 11 82 1
e 9 46 10
e 7 0 4
e 62 75 6
e 62 66 15
e 65 48 7
e 10 75 2
e 53 75 28
e 79 75 6
e 36 68 2
e 56 43 8
e 17 40 2
e 2 13 4
e 52 44 2
e 36 67 2
e 34 21 2
e 59 43 5
e 42 22 8
e 53 75 6
e 68 75 6
e 43 30 12
e 13 13 2
e 13 13 4
e 46 71 1
e 28 13 4
e 23 17 4
e 30 13 4
e 78 77 29
e 48 57 13
e 46 74 1
e 65 48 5
e 20 38 15
e 10 3 2
e 7 38 15
e 55 0 4
e 0 55 2
e 46 82 1
e 80 13 4
e 77 41 30
e 59 43 7
e 18 56 27
e 68 73 12
e 57 48 5
e 51 12 4
e 13 59 2
e 50 38 15
e 12 51 2
e 82 11 10
e 12 72 2
e 47 30 13
e 46 9 1
e 68 25 12
e 1 77 31
e 63 53 9
e 30 43 8
e 57 76 4
e 79 0 4
e 25 68 0
e 33 17 4
e 57 58 0
e 56 17 4
e 38 0 4
e 76 57 2
e 3 10 4
e 32 60 2
e 0 65 2
e 46 46 1
e 26 17 4
e 47 13 4
e 11 35 1
e 72 51 0
e 36 62 2
e 63 11 10
e 81 75 6
e 77 45 32
e 46 46 10
e 66 61 33
e 82 53 9
e 14 0 4
e 46 63 1
e 49 11 10
e 32 22 2
e 48 4 13
e 43 3 13
e 46 49 1
e 35 46 10
e 11 29 1
e 55 7 0
e 77 1 34
e 30 47 7
e 43 13 4
e 81 44 12
e 14 75 6
e 13 30 2
e 58 57 12
