[Console output redirected to file:/Users/Zhaoyang/Documents/workspace/Grava_Edit/slow.txt]
query1.txt
EditDistanceQuerySearch DEBUG - Starting node is 765448
 EditDistanceQuerySearch INFO - Number of Threads: 1/1 chunk size: 61 Number of nodes 61
 count: 0
87557766905148|90566868835048|1000011399 90566868835048|87557766905148|1000011400 
count: 1
505448|5648|1000011399 5648|505448|1000011400 
count: 2
55576868835048|90566868835048|1000011399 90566868835048|55576868835048|1000011400 
count: 3
77887482495348|56827482495348|1000011399 56827482495348|77887482495348|1000011400 
count: 4
55744982785048|68777666755048|1000011399 68777666755048|55744982785048|1000011400 
count: 5
68508275787248|82506855717648|1000011400 82506855717648|68508275787248|1000011399 
count: 6
495248|52665748|1000011400 52665748|495248|1000011399 
count: 7
765448|495248|1000011399 495248|765448|1000011400 
count: 8
55824982785048|68777666755048|1000011399 68777666755048|55824982785048|1000011400 
count: 9
67755255717648|68508275787248|1000011399 68508275787248|67755255717648|1000011400 
count: 10
87827072548748|72574948|1000011399 72574948|87827072548748|1000011400 
count: 11
5648|51755168725148|1000011400 51755168725148|5648|1000011399 
count: 12
49848283495348|56827482495348|1000011399 56827482495348|49848283495348|1000011400 
count: 13
5648|865548|1000011400 865548|5648|1000011399 
count: 14
495248|83515748|1000011400 83515748|495248|1000011399 
count: 15
90566868835048|53545168725148|1000011400 53545168725148|90566868835048|1000011399 
count: 16
50576868835048|90566868835048|1000011399 90566868835048|50576868835048|1000011400 
count: 17
68777666755048|71565551485248|1000011400 71565551485248|68777666755048|1000011399 
count: 18
554948|5648|1000011399 5648|554948|1000011400 
count: 19
495248|48895648|1000011400 48895648|495248|1000011399 
count: 20
68777666755048|89754982785048|1000011400 89754982785048|68777666755048|1000011399 
count: 21
5648|5148|1000011400 5148|5648|1000011399 
count: 22
56827482495348|72668283495348|1000011400 72668283495348|56827482495348|1000011399 
count: 23
84557082496748|959570837448|1000011399 959570837448|84557082496748|1000011400 
count: 24
53674948|958848|1000011399 958848|53674948|1000011400 
count: 25
49908782495348|56827482495348|1000011399 56827482495348|49908782495348|1000011400 
count: 26
95678248756748|76504950756748|1000011400 76504950756748|95678248756748|1000011399 
count: 27
82688283495348|56827482495348|1000011399 56827482495348|82688283495348|1000011400 
count: 28
959570837448|72577082496748|1000011400 72577082496748|959570837448|1000011399 
count: 29
9548|5648|1000011399 5648|9548|1000011400 
count: 30
755548|5648|1000011399 5648|755548|1000011400 
count: 31
5648|865348|1000011400 865348|5648|1000011399 
count: 32
54544982785048|68777666755048|1000011399 68777666755048|54544982785048|1000011400 
count: 33
54485051485248|68777666755048|1000011399 68777666755048|54485051485248|1000011400 
count: 34
55578652515248|90566868835048|1000011399 90566868835048|55578652515248|1000011400 
count: 35
54515748|495248|1000011399 495248|54515748|1000011400 
count: 36
495248|83515448|1000011400 83515448|495248|1000011399 
count: 37
95678248756748|83749549756748|1000011400 83749549756748|95678248756748|1000011399 
count: 38
90566868835048|74907186665148|1000011400 74907186665148|90566868835048|1000011399 
count: 39
958848|77664948|1000011400 77664948|958848|1000011399 
count: 40
53534982785048|68777666755048|1000011399 68777666755048|53534982785048|1000011400 
count: 41
90566868835048|75577766905148|1000011400 75577766905148|90566868835048|1000011399 
count: 42
5648|815548|1000011400 815548|5648|1000011399 
count: 43
66775748|495248|1000011399 495248|66775748|1000011400 
count: 44
53958381786648|5648|1000011399 5648|53958381786648|1000011400 
count: 45
68777666755048|80777666755048|1000011400 80777666755048|68777666755048|1000011399 
count: 46
535148|5648|1000011399 5648|535148|1000011400 
count: 47
958848|70704948|1000011400 70704948|958848|1000011399 
count: 48
80754982785048|68777666755048|1000011399 68777666755048|80754982785048|1000011400 
count: 49
90566868835048|76557766905148|1000011400 76557766905148|90566868835048|1000011399 
count: 50
815448|495248|1000011399 495248|815448|1000011400 
51
end
query2.txt
EditDistanceQuerySearch DEBUG - Starting node is 765448
 EditDistanceQuerySearch INFO - Number of Threads: 1/1 chunk size: 21 Number of nodes 21
 count: 0
54544982785048|53534982785048|1000011407 54544982785048|53534982785048|1000010601 
count: 1
82688283495348|72668283495348|1000011407 82688283495348|72668283495348|1000010601 
count: 2
765448|865348|1000011407 765448|865348|1000010601 
count: 3
815548|865348|1000010601 815548|865348|1000011407 
count: 4
76557766905148|53545168725148|1000010601 76557766905148|53545168725148|1000011407 
count: 5
75577766905148|53545168725148|1000010601 75577766905148|53545168725148|1000011407 
count: 6
70704948|77664948|1000010601 70704948|77664948|1000011407 
count: 7
76504950756748|83749549756748|1000011407 76504950756748|83749549756748|1000010601 
count: 8
72577082496748|84557082496748|1000011407 72577082496748|84557082496748|1000010601 
count: 9
815448|865348|1000010601 815448|865348|1000011407 
count: 10
82506855717648|67755255717648|1000010601 82506855717648|67755255717648|1000011407 
count: 11
89754982785048|80754982785048|1000011407 89754982785048|80754982785048|1000010601 
12
end
