68667054805548 84558274805548 1000007059
56678870486748 84558274805548 1000007050
84558274805548 56678870486748 1000007061
68667054805548 74687187815548 1000007059
86527555805548 68667054805548 1000007058
78896650815548 68667054805548 1000007058
68667054805548 83676690815548 1000007059
83808674805548 56678870486748 1000007061
76835466825548 56678870486748 1000007061
72517590835548 56678870486748 1000007061
56678870486748 67507190825548 1000007050
74687187815548 88825280485648 1000007051
86527555805548 80667171815548 1000007059
82487881805548 86527555805548 1000007058
68577480835548 78896650815548 1000007062
