
t # 0 6 10
v 0 640
v 1 3821
v 2 17
v 3 1760
v 4 1413
v 5 1419
e 2 4 90
e 1 1 134
e 4 5 504
e 4 4 260
e 2 1 153
e 2 0 438
e 3 2 73
e 2 3 403
e 4 4 113
e 4 4 112
t # 1 10 10
v 0 2373
v 1 2174
v 2 14
v 3 169
v 4 2436
v 5 4316
v 6 4214
v 7 2307
v 8 3386
v 9 5114
e 1 0 57
e 0 1 123
e 2 1 123
e 1 8 57
e 0 5 193
e 5 4 163
e 1 7 57
e 0 9 221
e 1 3 57
e 1 6 57
t # 2 5 10
v 0 3837
v 1 1082
v 2 20
v 3 3041
v 4 1713
e 3 2 708
e 1 3 380
e 3 1 551
e 2 3 214
e 3 4 103
e 0 3 337
e 0 1 337
e 3 0 138
e 4 3 638
e 1 0 138
t # 3 6 10
v 0 2382
v 1 542
v 2 6193
v 3 5134
v 4 4043
v 5 24
e 1 5 620
e 5 3 79
e 4 5 614
e 5 0 79
e 2 5 614
e 5 2 79
e 5 1 730
e 0 5 614
e 3 5 614
e 5 4 79
t # 4 8 10
v 0 1952
v 1 978
v 2 138
v 3 2861
v 4 957
v 5 3843
v 6 715
v 7 19
e 3 4 260
e 5 6 347
e 5 1 347
e 4 3 92
e 7 5 266
e 7 4 90
e 2 3 247
e 3 2 233
e 3 0 302
e 4 3 55
t # 5 3 2
v 0 3640
v 1 4146
v 2 50
e 2 1 72
e 2 0 72
t # 6 3 2
v 0 3821
v 1 17
v 2 1413
e 1 2 90
e 1 0 153
t # 7 2 2
v 0 714
v 1 44
e 1 0 20
e 0 1 91
t # 8 3 2
v 0 2373
v 1 2174
v 2 14
e 1 0 57
e 2 1 123
t # 9 3 2
v 0 49
v 1 2856
v 2 285
e 1 2 31
e 0 1 62
t # 10 3 2
v 0 3837
v 1 20
v 2 3041
e 1 2 214
e 2 0 138
t # 11 3 2
v 0 6405
v 1 15
v 2 5219
e 0 2 68
e 1 0 299
t # 12 3 2
v 0 1
v 1 5085
v 2 5627
e 1 2 102
e 0 1 162
t # 13 2 2
v 0 542
v 1 24
e 0 1 620
e 1 0 730
t # 14 3 2
v 0 328
v 1 5
v 2 4724
e 1 0 267
e 1 2 216
t # 15 3 2
v 0 3843
v 1 715
v 2 19
e 0 1 347
e 2 0 266
t # 16 3 3
v 0 3640
v 1 4146
v 2 50
e 2 1 72
e 0 2 71
e 2 0 72
t # 17 2 3
v 0 17
v 1 1413
e 0 1 90
e 1 1 113
e 1 1 112
t # 18 4 3
v 0 49
v 1 995
v 2 2856
v 3 285
e 3 1 243
e 2 3 31
e 0 2 62
t # 19 3 3
v 0 3837
v 1 20
v 2 3041
e 1 2 214
e 0 2 337
e 2 0 138
t # 20 4 3
v 0 2584
v 1 0
v 2 4761
v 3 558
e 1 0 597
e 0 3 157
e 1 2 28
t # 21 3 3
v 0 6405
v 1 15
v 2 5219
e 0 1 96
e 0 2 68
e 1 0 299
t # 22 4 3
v 0 328
v 1 5
v 2 3145
v 3 4724
e 1 0 267
e 1 2 108
e 1 3 216
t # 23 4 3
v 0 2861
v 1 957
v 2 3843
v 3 19
e 1 0 92
e 3 2 266
e 3 1 90
t # 24 3 4
v 0 3640
v 1 2700
v 2 50
e 0 2 71
e 0 1 147
e 1 0 148
e 2 0 72
t # 25 4 4
v 0 49
v 1 995
v 2 2856
v 3 285
e 3 1 243
e 2 3 31
e 3 2 129
e 0 2 62
t # 26 3 4
v 0 3837
v 1 20
v 2 3041
e 2 1 708
e 1 2 214
e 0 2 337
e 2 0 138
t # 27 4 4
v 0 2584
v 1 0
v 2 4761
v 3 558
e 3 0 558
e 1 0 597
e 0 3 157
e 1 2 28
t # 28 4 4
v 0 328
v 1 5
v 2 3145
v 3 4724
e 1 0 267
e 1 2 108
e 2 1 62
e 1 3 216
t # 29 4 5
v 0 3640
v 1 2700
v 2 4146
v 3 50
e 3 2 72
e 0 3 71
e 0 1 147
e 1 0 148
e 3 0 72
t # 30 3 5
v 0 3821
v 1 17
v 2 1413
e 1 2 90
e 2 2 260
e 1 0 153
e 2 2 113
e 2 2 112
t # 31 5 5
v 0 2373
v 1 2174
v 2 14
v 3 169
v 4 5114
e 1 0 57
e 0 1 123
e 2 1 123
e 0 4 221
e 1 3 57
t # 32 4 5
v 0 3837
v 1 1082
v 2 20
v 3 3041
e 3 2 708
e 3 1 551
e 2 3 214
e 0 3 337
e 3 0 138
t # 33 5 5
v 0 1
v 1 3838
v 2 1725
v 3 5085
v 4 5627
e 2 1 177
e 3 2 439
e 3 0 106
e 3 4 102
e 0 3 162
t # 34 5 5
v 0 2382
v 1 542
v 2 6193
v 3 4043
v 4 24
e 1 4 620
e 4 0 79
e 4 2 79
e 4 1 730
e 4 3 79
t # 35 5 5
v 0 3843
v 1 715
v 2 6235
v 3 2538
v 4 19
e 0 2 110
e 0 1 347
e 4 0 266
e 0 3 110
e 1 0 555
t # 36 5 6
v 0 3640
v 1 4146
v 2 50
v 3 6
v 4 6395
e 2 1 72
e 3 4 148
e 0 2 71
e 1 2 71
e 1 3 270
e 2 0 72
t # 37 3 6
v 0 3821
v 1 17
v 2 1413
e 1 2 90
e 0 0 134
e 2 2 260
e 1 0 153
e 2 2 113
e 2 2 112
t # 38 6 6
v 0 2584
v 1 1708
v 2 0
v 3 1778
v 4 4761
v 5 558
e 5 0 558
e 2 0 597
e 0 1 548
e 0 5 157
e 5 3 141
e 2 4 28
t # 39 6 6
v 0 1
v 1 3838
v 2 1725
v 3 4885
v 4 5085
v 5 5627
e 2 1 177
e 1 3 106
e 4 2 439
e 4 0 106
e 4 5 102
e 0 4 162
t # 40 5 6
v 0 3843
v 1 715
v 2 6235
v 3 2538
v 4 19
e 3 0 266
e 0 2 110
e 0 1 347
e 4 0 266
e 0 3 110
e 1 0 555
t # 41 6 7
v 0 640
v 1 3821
v 2 17
v 3 1760
v 4 5984
v 5 1413
e 2 5 90
e 2 1 153
e 2 0 438
e 0 2 252
e 2 3 403
e 2 4 403
e 5 5 113
t # 42 6 7
v 0 2373
v 1 2174
v 2 14
v 3 169
v 4 3386
v 5 5114
e 1 0 57
e 0 1 123
e 3 1 123
e 2 1 123
e 1 4 57
e 0 5 221
e 1 3 57
t # 43 4 7
v 0 3837
v 1 1082
v 2 20
v 3 3041
e 3 2 708
e 3 1 551
e 2 3 214
e 0 3 337
e 0 1 337
e 3 0 138
e 1 0 138
t # 44 6 7
v 0 2584
v 1 1708
v 2 0
v 3 1778
v 4 4761
v 5 558
e 1 0 597
e 5 0 558
e 2 0 597
e 0 1 548
e 0 5 157
e 5 3 141
e 2 4 28
t # 45 7 7
v 0 1778
v 1 1
v 2 3838
v 3 1725
v 4 3465
v 5 5085
v 6 5627
e 3 2 177
e 5 0 141
e 5 4 394
e 5 3 439
e 5 1 106
e 5 6 102
e 1 5 162
t # 46 5 7
v 0 2382
v 1 542
v 2 6193
v 3 4043
v 4 24
e 1 4 620
e 3 4 614
e 4 0 79
e 4 2 79
e 4 1 730
e 0 4 614
e 4 3 79
t # 47 7 7
v 0 138
v 1 2861
v 2 957
v 3 3843
v 4 715
v 5 2538
v 6 19
e 3 4 347
e 2 1 92
e 6 3 266
e 6 2 90
e 3 5 110
e 1 0 233
e 4 3 555
t # 48 5 8
v 0 640
v 1 3821
v 2 17
v 3 1760
v 4 1413
e 2 4 90
e 1 1 134
e 2 1 153
e 2 0 438
e 0 2 252
e 2 3 403
e 4 4 113
e 4 4 112
t # 49 4 8
v 0 3837
v 1 1082
v 2 20
v 3 3041
e 3 2 708
e 1 3 380
e 3 1 551
e 2 3 214
e 0 3 337
e 0 1 337
e 3 0 138
e 1 0 138
t # 50 7 8
v 0 2584
v 1 1708
v 2 0
v 3 3171
v 4 4761
v 5 3103
v 6 558
e 0 2 548
e 6 0 558
e 2 0 597
e 0 1 548
e 0 6 157
e 0 5 548
e 0 3 280
e 2 4 28
t # 51 7 8
v 0 3843
v 1 715
v 2 6235
v 3 2538
v 4 4596
v 5 151
v 6 19
e 0 2 110
e 2 0 266
e 0 1 347
e 6 0 266
e 5 0 266
e 0 3 110
e 0 4 110
e 0 5 110
t # 52 6 9
v 0 3821
v 1 17
v 2 1760
v 3 2303
v 4 1413
v 5 1419
e 1 4 90
e 0 0 134
e 4 5 504
e 4 4 260
e 1 0 153
e 4 3 233
e 1 2 403
e 4 4 113
e 4 4 112
t # 53 7 9
v 0 2373
v 1 2174
v 2 14
v 3 169
v 4 4316
v 5 3386
v 6 5114
e 1 0 57
e 6 0 143
e 0 1 123
e 3 1 123
e 2 1 123
e 1 5 57
e 0 4 193
e 0 6 221
e 1 3 57
t # 54 5 9
v 0 3837
v 1 1082
v 2 20
v 3 3041
v 4 1713
e 3 2 708
e 3 1 551
e 2 3 214
e 3 4 103
e 0 3 337
e 0 1 337
e 3 0 138
e 4 3 638
e 1 0 138
t # 55 8 9
v 0 1
v 1 3838
v 2 1725
v 3 3465
v 4 6100
v 5 5085
v 6 5627
v 7 5466
e 2 1 177
e 3 5 364
e 2 4 435
e 5 3 394
e 5 2 439
e 5 0 106
e 5 6 102
e 0 5 162
e 2 7 177
t # 56 7 9
v 0 2382
v 1 542
v 2 6193
v 3 5134
v 4 4043
v 5 773
v 6 24
e 1 6 620
e 6 3 79
e 6 0 79
e 2 6 614
e 6 2 79
e 6 1 730
e 6 5 588
e 3 6 614
e 6 4 79
