82536784527248 954986807548 1000007981
68804867815148 954986807548 1000008283
7454578974494948 954986807548 1000007981
82536784527248 785568837448 1000009074
82536784527248 908080905348 1000010468
82536784527248 49775248 1000009073
68804867815148 7648 1000008283
68804867815148 53674948 1000008283
68804867815148 82755248 1000008283
7454578974494948 5068666748 1000010476
7454578974494948 785568837448 1000009074
7454578974494948 9083685048 1000010476
505284955748 785568837448 1000009074
49517888679048 785568837448 1000009074
4976664849494948 785568837448 1000009074
70534956717148 908080905348 1000010468
788376845048 908080905348 1000010468
5475575678504948 908080905348 1000010468
88867882508648 49775248 1000009073
