51838155905648 95675470875748 1000011400
72908690515748 51838155905648 1000011399
53875272865648 72908690515748 1000007951
53875272865648 77756776875748 1000007951
77756776875748 8984805148 1000007998
4856805687504948 8984805148 1000007985
718248745348 4856805687504948 1000007984
718248745348 68828083535448 1000011194
75575188685748 68828083535448 1000011194
75575188685748 54808355545048 1000011194
54808355545048 48767780884948 1000009073
81725576776648 48767780884948 1000002841
81725576776648 49824957905148 1000002841
49824957905148 68824957905148 1000010418
68824957905148 78814957905148 1000011407
68754950756748 78814957905148 1000010602
95678248756748 68754950756748 1000011400
80869549756748 95678248756748 1000011399
80869549756748 83749549756748 1000010601
