55788452904948 84525148 1000011400
84525148 55788452904948 1000011399
55788452904948 84905048 1000011400
50495148 55788452904948 1000011399
84905048 66808452904948 1000011409
84905048 57837648904948 1000007978
824948 50495148 1000011410
50495148 824948 1000010602
66808452904948 56708350515248 1000008940
66808452904948 95905048 1000011394
87706690875148 824948 1000011404
824948 75518670905548 1000011410
89515148 95905048 1000011404
89515148 95905048 1000010602
87706690875148 71788081505048 1000011399
71788081505048 87706690875148 1000011400
75518670905548 57825468905548 1000010601
75518670905548 70768772895548 1000011399
67708281505048 71788081505048 1000011399
