88908982495348 56827482495348 1000011399
56827482495348 88908982495348 1000011400
56827482495348 53559582495348 1000011400
56827482495348 90518283495348 1000011400
56827482495348 67488383495348 1000011400
56827482495348 86547682495348 1000011400
51898283495348 56827482495348 1000011399
53559582495348 83537682495348 1000011404
53559582495348 83537682495348 1000010602
83537682495348 53559582495348 1000011410
90518283495348 67708183495348 1000011407
67887482495348 90518283495348 1000011410
90518283495348 67887482495348 1000010602
49848283495348 90518283495348 1000011405
90518283495348 67887482495348 1000011404
53539582495348 67488383495348 1000010418
67488383495348 83537682495348 1000011407
67488383495348 67887482495348 1000011404
67488383495348 67887482495348 1000010602
