84779549487548 95524948 1000011399
95524948 84779549487548 1000011400
95524948 83784866866748 1000011400
53845274835048 95524948 1000011399
70834951846748 83784866866748 1000007978
83784866866748 72784866866748 1000007953
95874948 53845274835048 1000011412
53845274835048 89835274835048 1000010602
70834951846748 80904951846748 1000011412
52485051846748 70834951846748 1000011407
72784866866748 71527148 1000011388
72784866866748 50715748 1000011386
95874948 86875174835048 1000011412
48486766867148 95874948 1000010602
89835274835048 51688372875448 1000009046
89835274835048 82505174835048 1000009041
52485051846748 674948 1000011404
52485051846748 8957526648 1000011408
66705275715348 71527148 1000011388
