955768955048 72507876715348 1000003377
72507876715348 955768955048 1000003398
51818170875448 955768955048 1000007237
7267955656494948 955768955048 1000009141
51818170875448 6882825248 1000007237
51818170875448 488755675748 1000007237
7267955656494948 518753486848 1000009497
518753486848 7267955656494948 1000009498
6882825248 8295517148 1000009498
6882825248 88515650725148 1000008769
8982885048 488755675748 1000009497
7671498248 488755675748 1000001130
84754874865748 518753486848 1000007237
80568470875448 518753486848 1000007237
70537166575248 8295517148 1000009497
8295517148 568667725048 1000009512
88515650725148 67764852725048 1000008705
7277495648 88515650725148 1000008769
8982885048 72887183565248 1000009498
