55788166904948 67747870746748 1000011410
67747870746748 55788166904948 1000010602
67747870746748 55788166904948 1000011404
80728676785548 55788166904948 1000010602
4968688975494948 55788166904948 1000010602
56895688787648 55788166904948 1000010602
86517684745248 55788166904948 1000011404
82775756535248 55788166904948 1000010602
80728676785548 77908168785348 1000011399
77908168785348 80728676785548 1000011400
77908168785348 66885786835348 1000011400
67728784835348 77908168785348 1000011399
755148 77908168785348 1000011400
77908168785348 755148 1000011399
83525054865348 77908168785348 1000011399
66885786835348 53674948 1000009041
83525054865348 66885786835348 1000011407
66885786835348 83525054865348 1000011412
83525054865348 66885786835348 1000010601
