89578871757148 87758871757148 1000011400
87758871757148 89578871757148 1000011399
95768871757148 89578871757148 1000011399
89578871757148 95768871757148 1000011400
55668871757148 89578871757148 1000011399
89578871757148 55668871757148 1000011400
77818871757148 55668871757148 1000009083
55668871757148 49668871757148 1000011393
55668871757148 54906787835248 1000008896
54906787835248 55668871757148 1000008897
49668871757148 86775068757148 1000011415
86775068757148 49668871757148 1000011414
86775068757148 81508871757148 1000011414
86775068757148 568948 1000009055
86775068757148 50785068757148 1000011414
86775068757148 7148 1000009055
76508871757148 81508871757148 1000011400
88508871757148 81508871757148 1000011393
81508871757148 76508871757148 1000011399
