55667088546648 88577088546648 1000011393
66577088546648 88577088546648 1000011414
55667088546648 83577088546648 1000011399
83577088546648 55667088546648 1000011400
90555190546648 66577088546648 1000009053
76577088546648 66577088546648 1000011415
755148 83577088546648 1000011400
83577088546648 755148 1000011399
575148 76577088546648 1000011400
76577088546648 575148 1000011399
83775551549548 755148 1000011399
755148 9087688051504948 1000011400
54538089899548 575148 1000011399
86836880827248 575148 1000011399
83775551549548 80805551549548 1000011400
84825551549548 83775551549548 1000011399
9087688051504948 5088688051504948 1000011400
9087688051504948 5688688051504948 1000011400
89528089899548 54538089899548 1000011414
