527880765648 72728948 1000008037
72728948 527880765648 1000008042
72728948 805757954948 1000008042
498276557248 72728948 1000008037
805757954948 70488780755048 1000007981
498276557248 70488780755048 1000007981
95728648505048 70488780755048 1000007981
82555248765048 70488780755048 1000007981
68955778865548 95728648505048 1000007237
95728648505048 8272896848 1000008037
82555248765048 5286835248 1000008036
82555248765048 56898748765048 1000008041
68955778865548 555350824948 1000007237
68955778865548 9577775048 1000007237
8272896848 545487836748 1000008042
868151816748 8272896848 1000008037
55744874865748 5286835248 1000007237
5286835248 9055565348 1000008072
52545648765048 56898748765048 1000008041
