4855535248 9577775048 1000009052
9577775048 4855535248 1000009644
9577775048 4855535248 1000009645
4855535248 49904948 1000007981
4855535248 7251496748 1000009652
68955778865548 9577775048 1000007237
82686855806648 9577775048 1000006096
72754874865748 9577775048 1000007237
9577775048 82686855806648 1000006108
78958252785248 9577775048 1000009052
52575048 49904948 1000011407
78958252785248 49904948 1000007981
49904948 53674948 1000009048
52575048 49904948 1000010601
49904948 82505174835048 1000009041
71548270875448 7251496748 1000007237
7251496748 95874948 1000007981
7251496748 9555955548 1000009711
7251496748 726676704948 1000009691
