90958955665348 50679055665348 1000011412
50679055665348 87828654755048 1000010602
90958955665348 68729055665348 1000011410
68729055665348 90958955665348 1000011404
71745274835048 87828654755048 1000009041
49904948 87828654755048 1000009041
51865774955248 68729055665348 1000011400
68729055665348 53489055665348 1000011407
71745274835048 56534948 1000011409
71745274835048 82505174835048 1000009041
52575048 49904948 1000011407
78958252785248 49904948 1000007981
51865774955248 755148 1000011399
51865774955248 81489055665348 1000011400
76865774955248 53489055665348 1000011394
81489055665348 53489055665348 1000009022
56534948 83705374835048 1000011394
82887183785248 56534948 1000009020
74765274835048 82505174835048 1000009041
