81508275787248 68508275787248 1000011399
87686655717648 68508275787248 1000011399
77547654717648 87686655717648 1000011412
77547654717648 87508275787248 1000011409
87508275787248 48765255717648 1000008943
48765255717648 67755255717648 1000009022
80525355717648 67755255717648 1000011407
954948 80525355717648 1000011410
954948 90758151688048 1000011410
90758151688048 55708151688048 1000010601
55708151688048 53674948 1000009041
50887082884948 53674948 1000009041
68878272875448 50887082884948 1000009043
72815274675348 68878272875448 1000009046
72815274675348 77495674675348 1000011412
77495674675348 89575274675348 1000010602
89575274675348 52669574755348 1000011412
52669574755348 54834875755348 1000010602
76515375755348 54834875755348 1000011407
