71554876719548 75777684669048 1000009073
71554876719548 80535476755048 1000007981
71554876719548 81557784669048 1000009073
5295826848 80535476755048 1000007981
5568525448 80535476755048 1000007981
52805549865448 5295826848 1000007237
83838195767148 5295826848 1000000423
70568170875448 5568525448 1000007237
74718495675548 5568525448 1000007237
52805549865448 5353825148 1000007237
52805549865448 807875745048 1000007237
70568170875448 7654835448 1000007237
70568170875448 8649675548 1000007237
74718495675548 5548815448 1000007237
74718495675548 807875745048 1000007237
68955778865548 5353825148 1000007237
53754874865748 5353825148 1000007237
66705681908248 807875745048 1000010476
505567837548 807875745048 1000010476
