81677450894948 56838055908248 1000011414
56838055908248 81677450894948 1000011415
535248 81677450894948 1000011415
81677450894948 74705153725048 1000011414
56838055908248 70837456525248 1000011415
95505675487448 56838055908248 1000011414
56838055908248 81837486755248 1000011415
82835153725048 56838055908248 1000011414
535248 88827280895248 1000011415
8250507255484948 535248 1000011414
75865651517448 535248 1000011414
535248 68755453888648 1000011415
74705153725048 72745466535048 1000011415
74705153725048 57718895787248 1000011415
74705153725048 67895666957848 1000011415
74705153725048 9552717450484948 1000011415
70837456525248 66678168755348 1000007980
86525280755748 70837456525248 1000011415
705148 70837456525248 1000011415
