54545076725748 95538784775148 1000007971
95808983575548 95538784775148 1000007971
55744872676648 95538784775148 1000007971
74666851957148 95538784775148 1000007971
48537586827248 95538784775148 1000007971
75817755955448 54545076725748 1000007980
54545076725748 57547572505248 1000007964
54545076725748 6874525148 1000007971
54545076725748 48778448505048 1000011389
54545076725748 56885648 1000011386
95808983575548 56567248525448 1000007960
95808983575548 55818983575548 1000011387
56567248525448 95808983575548 1000007980
55818983575548 95808983575548 1000011390
95808983575548 6874525148 1000007971
95777684815048 55744872676648 1000007980
55744872676648 56885648 1000011386
72744872676648 55744872676648 1000011390
55744872676648 48778448505048 1000011389
