72528957755248 53867457545048 1000011280
53867457545048 72528957755248 1000011252
908080905348 53867457545048 1000008561
505567837548 53867457545048 1000008601
825787716848 53867457545048 1000008565
53867457545048 89518957755248 1000011252
70534956717148 908080905348 1000010468
788376845048 908080905348 1000010468
5475575678504948 908080905348 1000010468
88505572527448 908080905348 1000010468
505567837548 84785248 1000009074
505567837548 53667151884948 1000009073
505567837548 807875745048 1000010476
7184886848 505567837548 1000010486
825787716848 665448 1000009074
48497476877148 825787716848 1000008600
75744874865748 825787716848 1000007237
89575751507848 825787716848 1000008600
70534956717148 774986807548 1000007981
