57827883495348 67847783495348 1000011407
57827883495348 66748452955248 1000011399
57827883495348 67847783495348 1000010601
67847783495348 57827883495348 1000011412
67847783495348 51758452955248 1000009041
72867783495348 67847783495348 1000009022
67847783495348 52907783505348 1000011412
52907783505348 67847783495348 1000011407
52728183495348 66748452955248 1000011399
755148 66748452955248 1000011400
89907883495348 66748452955248 1000011399
66748452955248 80507783505348 1000011400
84748452955248 51758452955248 1000008936
51758452955248 84748452955248 1000011409
52728183495348 51758452955248 1000009041
51758452955248 53674948 1000009041
72867783495348 84748452955248 1000009020
72867783495348 89534957745248 1000009019
52728183495348 53674948 1000009041
