557772884948 90908848677148 1000009509
81497282725048 90908848677148 1000010486
87908848677148 90908848677148 1000008785
90908848677148 7184886848 1000010476
498672887448 90908848677148 1000010464
55487878876648 81497282725048 1000010476
81497282725048 78815649768048 1000010486
75728275528648 81497282725048 1000010476
758148575748 81497282725048 1000010476
81497282725048 485470776748 1000010486
70568170875448 7184886848 1000007237
75744874865748 7184886848 1000007237
7184886848 755151664948 1000010486
7184886848 5068666748 1000010488
7184886848 505567837548 1000010486
498672887448 785568837448 1000009074
498672887448 49775248 1000009074
498672887448 53667151884948 1000009073
498672887448 56775248 1000009074
