86678049806748 53728356507248 1000008323
52828676497248 86678049806748 1000007960
86678049806748 5548815448 1000008321
86678049806748 49537182884948 1000008320
86678049806748 80957082884948 1000008320
52828676497248 56885648 1000011386
52828676497248 765248 1000011385
52828676497248 95538784775148 1000007971
52828676497248 48778448505048 1000011389
74718495675548 5548815448 1000007237
67874955815048 5548815448 1000008321
52805549865448 5548815448 1000007237
71508270875448 5548815448 1000007237
49537182884948 865788775548 1000008305
67874955815048 49537182884948 1000008320
52958150815148 49537182884948 1000008320
49537182884948 77907175875248 1000008305
86487650815148 80957082884948 1000008320
67775175875248 80957082884948 1000008320
