8956817048 66768168528948 1000009512
8956817048 8654865248 1000001130
8956817048 8654865248 1000009497
8956817048 67534887665148 1000009074
66768168528948 66484887665148 1000009072
66768168528948 81484887665148 1000009072
8654865248 66768168528948 1000009512
66768168528948 57846770528948 1000009072
67764852725048 8654865248 1000009329
488755675748 8654865248 1000009444
8654865248 67534887665148 1000009074
8654865248 488755675748 1000001130
5553895448 67534887665148 1000009074
6650544948 67534887665148 1000009074
5057875448 67534887665148 1000009074
8174774948 67534887665148 1000009074
865668665748 66484887665148 1000009072
83505455725048 66484887665148 1000011400
887653905748 66484887665148 1000009072
