57705595535548 8787874948 1000007237
57705595535548 825088765048 1000007237
57705595535548 555350824948 1000007237
57705595535548 807875745048 1000007237
83784849827848 8787874948 1000010215
83905481879548 8787874948 1000010215
88498470875448 8787874948 1000007237
53754874865748 8787874948 1000007237
825088765048 76577180724948 1000010072
50726752905148 825088765048 1000010068
70868495675548 825088765048 1000007237
71508270875448 825088765048 1000007237
68955778865548 555350824948 1000007237
74718495675548 555350824948 1000007237
805086815648 555350824948 1000008069
807690775348 555350824948 1000008069
74718495675548 807875745048 1000007237
52805549865448 807875745048 1000007237
66705681908248 807875745048 1000010476
