808090956848 728786505348 1000009512
808090956848 77535555955048 1000007981
80865751845148 808090956848 1000007960
518753486848 728786505348 1000009512
728786505348 49685556528948 1000009072
728786505348 66484887665148 1000009072
57774948 77535555955048 1000009041
77535555955048 50958272875448 1000009046
77535555955048 53674948 1000009048
80865751845148 9077835348 1000007971
80865751845148 48895648 1000011386
84754874865748 518753486848 1000007237
80568470875448 518753486848 1000007237
518753486848 529550825748 1000009498
687156755048 49685556528948 1000009072
76848490715148 49685556528948 1000009072
49685556528948 83505455725048 1000011399
865668665748 66484887665148 1000009072
83505455725048 66484887665148 1000011400
