668988824948 72715676726748 1000008708
668988824948 51867680835348 1000008684
51867680835348 53667151884948 1000009073
89849086719048 53667151884948 1000009073
89849086719048 82755248 1000007981
55757788565048 82755248 1000011407
6867745150494948 55757788565048 1000009074
6867745150494948 90825178537448 1000009074
82877053828948 90825178537448 1000009074
82877053828948 49775248 1000009074
88867882508648 49775248 1000009073
88867882508648 56775248 1000009073
83557251526748 56775248 1000009073
66866748526748 83557251526748 1000008715
66866748526748 4875825148 1000008685
86878977705248 4875825148 1000009497
485351537048 86878977705248 1000009504
485351537048 57774948 1000007981
51864984528248 57774948 1000007981
