72717881835248 9077835348 1000007971
51835772676748 9077835348 1000007971
76817789525248 9077835348 1000007971
55846670835148 9077835348 1000007971
75509575705048 9077835348 1000007971
72717881835248 578870715348 1000007960
578870715348 72717881835248 1000007980
72717881835248 56885648 1000011386
51835772676748 70835772676748 1000011387
51835772676748 765248 1000011385
51835772676748 955172555248 1000007960
51835772676748 56885648 1000011386
51835772676748 48778448505048 1000011389
76817789525248 48895648 1000011386
76817789525248 84817789525248 1000011387
8178838048 76817789525248 1000007980
84817789525248 76817789525248 1000011390
76817789525248 90817789525248 1000007964
55846670835148 71866670835148 1000011387
