49528289495248 77955670875148 1000007960
77955670875148 49528289495248 1000007980
56548289495248 49528289495248 1000011390
49528289495248 56548289495248 1000011387
49528289495248 6654885048 1000007971
49528289495248 56885648 1000011386
67837083495248 6654885048 1000007971
78747476877148 6654885048 1000007971
52745472777148 6654885048 1000007971
56835595725448 6654885048 1000007237
70668274906748 56885648 1000011386
53864990845348 56885648 1000011386
74957077955448 56885648 1000011386
90777450665348 56885648 1000011386
67837083495248 48895648 1000011386
838150524948 67837083495248 1000007980
67837083495248 838150524948 1000007960
78747476877148 765248 1000011385
78747476877148 48497476877148 1000007960
