78519549775348 56509549775348 1000009022
78519549775348 90499549775348 1000009020
90499549775348 78519549775348 1000008943
56835774675348 56509549775348 1000009041
89575274675348 56509549775348 1000009041
72815274675348 56509549775348 1000009041
55677850905348 90499549775348 1000009020
90499549775348 66717850905348 1000008943
52846875755348 90499549775348 1000011409
72499549775348 56835774675348 1000011400
51835774675348 56835774675348 1000010602
74727850905348 56835774675348 1000009022
89575274675348 52669574755348 1000011412
83485374675348 89575274675348 1000011407
89575274675348 70505171955348 1000011410
72815274675348 77495674675348 1000011412
72815274675348 66815274675348 1000011410
72815274675348 68878272875448 1000009046
55677850905348 72499549775348 1000011399
