75958348765048 53568748765048 1000008275
53568748765048 86828682884948 1000007981
89487448765048 53568748765048 1000008041
89487448765048 53568748765048 1000008039
71558281505048 86828682884948 1000011404
71907570905548 86828682884948 1000010602
56558848765048 86828682884948 1000007981
86828682884948 53674948 1000009048
89487448765048 70488780755048 1000007981
71788081505048 71558281505048 1000011400
71558281505048 83548281505048 1000010601
71558281505048 83548281505048 1000011407
71558281505048 71788081505048 1000011399
70768772895548 71907570905548 1000011400
71907570905548 70768772895548 1000011399
80755548765048 56558848765048 1000008041
88507148765048 56558848765048 1000008039
88507148765048 56558848765048 1000008041
66887548765048 56558848765048 1000008039
