57578381815148 525395567448 1000011399
87578381815148 57578381815148 1000010601
52668381815148 57578381815148 1000010601
57578381815148 48578381815148 1000011410
705395567448 57578381815148 1000011394
525395567448 54955072575348 1000011400
705395567448 525395567448 1000011399
80546775755048 525395567448 1000011399
53508066755348 525395567448 1000011399
48678381815148 525395567448 1000011399
724948 87578381815148 1000011410
87578381815148 724948 1000010602
87578381815148 724948 1000011404
724948 52668381815148 1000011410
52668381815148 724948 1000010602
52668381815148 724948 1000011404
48578381815148 48678381815148 1000011406
48578381815148 48678381815148 1000010418
48678381815148 48578381815148 1000011405
