66705275715348 71527148 1000011388
50875175715348 71527148 1000011388
87496787515448 71527148 1000011388
66705275715348 78715748 1000011386
48705275715348 66705275715348 1000007953
50875175715348 78715748 1000011386
56835175715348 50875175715348 1000007953
87496787515448 50715748 1000011386
7554568670504948 78715748 1000011386
50958081766748 78715748 1000011386
78549588527848 78715748 1000011386
48705275715348 89534957745248 1000009019
88484875715348 48705275715348 1000008943
78765149685248 48705275715348 1000011400
78765149685248 56835175715348 1000011400
56835175715348 74784968775548 1000009019
56835175715348 88484875715348 1000009020
87818682665348 50715748 1000011386
74894957577448 50715748 1000011386
