70957083879548 494986807548 1000007981
70957083879548 48564883879548 1000010209
48564883879548 70957083879548 1000010222
494986807548 90906689898048 1000011412
75485254717048 494986807548 1000007981
52847480776848 494986807548 1000007981
83905481879548 48564883879548 1000010220
48564883879548 83905481879548 1000010223
56515449839548 90906689898048 1000009074
52577448839548 90906689898048 1000009074
78827183864948 75485254717048 1000010084
75485254717048 78827183864948 1000010198
7152876848 52847480776848 1000010084
52847480776848 7152876848 1000010198
83905481879548 57564990879548 1000010220
83905481879548 68817877879548 1000010220
83905481879548 8787874948 1000010215
56515449839548 54487184874948 1000010206
56515449839548 78578874547248 1000009074
