569086875748 5067525048 1000010437
5067525048 678249846748 1000010433
874968685148 5067525048 1000010437
808748745148 5067525048 1000010437
5067525048 87508389865448 1000009841
569086875748 7474825148 1000010474
569086875748 7883905048 1000010468
7474825148 569086875748 1000009509
678249846748 908080905348 1000010468
874968685148 908080905348 1000010468
874968685148 7687745748 1000010476
7687745748 874968685148 1000010486
874968685148 774986807548 1000007981
874968685148 488755675748 1000010472
808748745148 908080905348 1000010468
808748745148 9078665448 1000010472
53754874865748 7474825148 1000007237
80568470875448 7474825148 1000007237
95718988555048 7474825148 1000010374
