74495471845148 83955371845148 1000011390
83955371845148 74495471845148 1000011387
83955371845148 75905583665048 1000007964
76888166545048 83955371845148 1000007980
83955371845148 9077835348 1000007971
51555254805248 75905583665048 1000007964
90777450665348 75905583665048 1000007964
48495770685648 75905583665048 1000007964
76888166545048 908080905348 1000010468
76888166545048 714854486848 1000010472
72717881835248 9077835348 1000007971
51835772676748 9077835348 1000007971
76817789525248 9077835348 1000007971
75955154805248 51555254805248 1000007980
51555254805248 75955154805248 1000007960
51555254805248 56885648 1000011386
80885348665348 90777450665348 1000007980
90777450665348 80885348665348 1000007960
90777450665348 56885648 1000011386
