95676782824948 50687548524948 1000010084
50687548524948 95676782824948 1000010198
50687548524948 494986807548 1000007981
95676782824948 70575052717048 1000010084
51775468504948 95676782824948 1000010198
95676782824948 774986807548 1000007981
494986807548 90906689898048 1000011412
75485254717048 494986807548 1000007981
52847480776848 494986807548 1000007981
77815786887248 774986807548 1000007981
774986807548 7687745748 1000009044
685674815448 774986807548 1000007981
56515449839548 90906689898048 1000009074
52577448839548 90906689898048 1000009074
78827183864948 75485254717048 1000010084
75485254717048 78827183864948 1000010198
7152876848 52847480776848 1000010084
52847480776848 7152876848 1000010198
7289865148 77815786887248 1000010140
