48788751548748 498186535348 1000008273
72574948 48788751548748 1000011400
48788751548748 72574948 1000011399
498186535348 507784504948 1000009646
498186535348 89884948 1000007981
54779086815548 498186535348 1000007056
72574948 68556689898248 1000011400
72574948 90789054558648 1000011400
50517289528748 72574948 1000011399
507784504948 95874948 1000007981
78535048 89884948 1000011407
89884948 71578272875448 1000009046
89884948 82505174835048 1000009041
54779086815548 55848653805548 1000007069
68556689898248 78887766776748 1000008273
88526757848448 68556689898248 1000008273
90789054558648 74565382768448 1000008273
50517289528748 686895715448 1000008273
95874948 86875174835048 1000011412
