72665456817248 50715748 1000011386
72665456817248 52565089717248 1000011389
72665456817248 765248 1000011385
87818682665348 50715748 1000011386
74894957577448 50715748 1000011386
75818470485248 50715748 1000011386
52565089717248 535248 1000011414
89837166817248 52565089717248 1000011389
53704853817248 52565089717248 1000011389
55674876486748 765248 1000011385
89566675828748 765248 1000011385
74666851957148 765248 1000011385
87818682665348 759570837448 1000011389
51828682665348 87818682665348 1000007953
56828682665348 87818682665348 1000007953
74894957577448 71527148 1000011388
75818470485248 71527148 1000011388
89818470485248 75818470485248 1000007953
535248 88827280895248 1000011415
