75818470485248 71527148 1000011388
66705275715348 71527148 1000011388
66705275715348 78715748 1000011386
7554568670504948 78715748 1000011386
5454568670504948 7554568670504948 1000007953
5454568670504948 488167837448 1000009022
958167837448 488167837448 1000010601
958167837448 725048 1000010602
725048 72745168725148 1000011410
72745168725148 7648 1000011407
7648 95545457755348 1000011410
95545457755348 88518956755348 1000011399
88518956755348 55558956755348 1000011400
55558956755348 53674948 1000009041
50887082884948 53674948 1000009041
68878272875448 50887082884948 1000009043
72815274675348 68878272875448 1000009046
72815274675348 77495674675348 1000011412
77495674675348 89575274675348 1000010602
