71554876719548 57579550496748 1000009073
71554876719548 80535476755048 1000007981
71554876719548 81557784669048 1000009073
71554876719548 75777684669048 1000009073
71554876719548 57564876719548 1000000438
71554876719548 50537784669048 1000009073
5295826848 80535476755048 1000007981
5568525448 80535476755048 1000007981
80535476755048 51688372875448 1000009046
49827681785048 80535476755048 1000011400
66827681785048 80535476755048 1000011394
52805549865448 5295826848 1000007237
83838195767148 5295826848 1000000423
84907481875748 5295826848 1000000431
5295826848 67764852725048 1000008705
5295826848 78847484895748 1000007988
70568170875448 5568525448 1000007237
74718495675548 5568525448 1000007237
5568525448 89665752676748 1000009074
