70765577845248 95745577845248 1000011399
95745577845248 70765577845248 1000011400
95745577845248 51755577845248 1000011400
95745577845248 71755577845248 1000011400
95745577845248 81755577845248 1000011400
71755577845248 51755577845248 1000011393
86745777845248 71755577845248 1000009020
71755577845248 81755577845248 1000011394
71755577845248 86745777845248 1000008943
81755577845248 53674948 1000009041
68665275956648 81755577845248 1000009041
76745777845248 81755577845248 1000009041
86745777845248 89534957745248 1000009019
86745777845248 76745777845248 1000009022
50887082884948 53674948 1000009041
67527288535548 53674948 1000010601
67527288535548 53674948 1000010602
76745777845248 89895777845248 1000011412
87835777845248 76745777845248 1000010601
