75725368755348 53715368755348 1000009022
75725368755348 89534957745248 1000009019
68705368755348 75725368755348 1000011400
75725368755348 68705368755348 1000011399
53715368755348 68705368755348 1000011399
68705368755348 53715368755348 1000011400
53715368755348 53674948 1000009041
78777268755348 53715368755348 1000009041
48705275715348 89534957745248 1000009019
72488783785248 89534957745248 1000009019
83515188865448 89534957745248 1000009019
54825274675348 89534957745248 1000009019
68705368755348 88777268755348 1000011400
70725368755348 68705368755348 1000011399
84815568755348 68705368755348 1000011399
68705368755348 82555468755348 1000011400
50887082884948 53674948 1000009041
67527288535548 53674948 1000010601
67527288535548 53674948 1000010602
