7581547748 56498481786648 1000009074
72958170875448 7581547748 1000007237
88865654519548 56498481786648 1000009074
67817083528948 56498481786648 1000009074
72958170875448 488755675748 1000007237
72958170875448 52807686825748 1000007237
88865654519548 726748 1000009074
88865654519548 9072827155484948 1000009511
67817083528948 57767483785048 1000007981
8982885048 488755675748 1000009497
7671498248 488755675748 1000001130
53754874865748 52807686825748 1000007237
77705595535548 52807686825748 1000007237
5248869570504948 726748 1000009074
555048 726748 1000011410
9072827155484948 52559583665148 1000009073
9072827155484948 71838768958648 1000009072
80539051517248 57767483785048 1000007981
57767483785048 83484948 1000011409
