80535583718148 76545583718148 1000011400
80535583718148 83565583718148 1000011400
525584807548 83565583718148 1000011410
525584807548 83835577845248 1000011410
83835577845248 95745577845248 1000011399
95745577845248 51755577845248 1000011400
71755577845248 51755577845248 1000011393
86745777845248 71755577845248 1000009020
86745777845248 89534957745248 1000009019
48705275715348 89534957745248 1000009019
88484875715348 48705275715348 1000008943
56836880827248 88484875715348 1000009055
56836880827248 86836880827248 1000011414
86836880827248 575148 1000011399
54538089899548 575148 1000011399
89528089899548 54538089899548 1000011414
535248 89528089899548 1000011415
535248 88827280895248 1000011415
56838055908248 88827280895248 1000011415
