53539582495348 67887482495348 1000010601
78808654725348 67887482495348 1000009022
67887482495348 53674948 1000009041
67887482495348 68878272875448 1000009046
51564984495348 67887482495348 1000010602
53539582495348 67488383495348 1000010418
53539582495348 56827482495348 1000011399
53539582495348 83537682495348 1000010602
67488383495348 53539582495348 1000011405
53539582495348 83537682495348 1000011404
84827788785048 78808654725348 1000011400
78808654725348 82827482495348 1000009020
78808654725348 84827788785048 1000011399
82827482495348 78808654725348 1000008943
78808654725348 74784968775548 1000009019
50887082884948 53674948 1000009041
67527288535548 53674948 1000010601
67527288535548 53674948 1000010602
53724948 53674948 1000011407
