4875825148 4853755148 1000009454
8670757886504948 4853755148 1000010470
4853755148 8650544948 1000009329
8650544948 4853755148 1000009454
4853755148 75487448 1000009333
86878977705248 4875825148 1000009497
75487448 4875825148 1000003474
685674815448 4875825148 1000010472
4875825148 687156755048 1000009512
52774978728748 4875825148 1000009517
8670757886504948 67764852725048 1000010470
8670757886504948 72787487709048 1000010476
8670757886504948 908080905348 1000010468
535248 8670757886504948 1000011415
72787487709048 8670757886504948 1000010486
74865757528948 8650544948 1000011170
8650544948 7653675548 1000009497
67764852725048 8650544948 1000009329
8650544948 67534887665148 1000009074
8650544948 67764852725048 1000009454
48784857838148 75487448 1000003490
75487448 4966835348 1000009498
75744874865748 75487448 1000007237
728786505348 75487448 1000011170
75487448 57548288519548 1000009498
485351537048 86878977705248 1000009504
86878977705248 8068905348 1000000366
84748056507448 86878977705248 1000008275
8068905348 86878977705248 1000000381
