7070957886484948 49775248 1000009074
7070957886484948 56775248 1000009074
88867882508648 49775248 1000009073
67705676545048 49775248 1000009074
83557251526748 56775248 1000009073
88818776687148 56775248 1000009074
88867882508648 78847267954948 1000009072
88867882508648 53667151884948 1000009073
545650955048 67705676545048 1000009509
67705676545048 488755675748 1000010472
66866748526748 83557251526748 1000008715
83557251526748 8948898884494948 1000008670
88818776687148 745271837448 1000007981
88818776687148 81497282725048 1000010476
88537071518648 78847267954948 1000009072
82755248 78847267954948 1000011412
89849086719048 53667151884948 1000009073
66778674865348 53667151884948 1000009073
84545086726648 545650955048 1000007475
545650955048 80708478725348 1000009501
8982885048 488755675748 1000009497
7671498248 488755675748 1000001130
66866748526748 4875825148 1000008685
66866748526748 775071837448 1000007981
745271837448 86767181725048 1000009047
83484948 745271837448 1000011394
55487878876648 81497282725048 1000010476
81497282725048 78815649768048 1000010486
88537071518648 84785248 1000009073
