48805274547148 72567275525248 1000007964
48805274547148 56885648 1000011386
845375665048 48805274547148 1000007980
70668274906748 56885648 1000011386
53864990845348 56885648 1000011386
845375665048 8152845348 1000010476
8152845348 845375665048 1000010486
70668274906748 9077835348 1000007971
70668274906748 48778448505048 1000011389
53864990845348 77907175875248 1000007960
77907175875248 53864990845348 1000007980
74718495675548 8152845348 1000007237
53754874865748 8152845348 1000007237
72717881835248 9077835348 1000007971
51835772676748 9077835348 1000007971
74537775957148 48778448505048 1000011389
84885751775548 48778448505048 1000011389
844850705248 77907175875248 1000008302
77907175875248 56537182884948 1000008320
74718495675548 5548815448 1000007237
74718495675548 807875745048 1000007237
53754874865748 7687745748 1000007237
53754874865748 57865383535048 1000007237
72717881835248 578870715348 1000007960
578870715348 72717881835248 1000007980
51835772676748 70835772676748 1000011387
51835772676748 765248 1000011385
86537775957148 74537775957148 1000011390
74537775957148 765248 1000011385
