56824877875148 56838095505248 1000011400
56838095505248 90808095505248 1000010601
56838095505248 554948 1000010602
56824877875148 51567690505248 1000011400
49758853525248 56824877875148 1000011399
76768853525248 56824877875148 1000011399
76768095505248 90808095505248 1000010602
76768095505248 90808095505248 1000011404
67535348515248 90808095505248 1000010601
554948 81687082884948 1000011410
554948 87508349955548 1000011410
50709570835248 554948 1000010602
75745348515248 51567690505248 1000010601
76824877875148 51567690505248 1000011394
51567690505248 75745348515248 1000011412
55818153525248 49758853525248 1000007978
76768853525248 55818153525248 1000010602
76768853525248 55818153525248 1000011404
55818153525248 76768853525248 1000011410
76768095505248 67535348515248 1000011406
76768095505248 67535348515248 1000010418
87517268525448 76768095505248 1000009023
81687082884948 4853885348 1000011408
81687082884948 70547082884948 1000011399
81687082884948 53577082884948 1000010601
70768772895548 87508349955548 1000011400
87508349955548 70768772895548 1000011399
68838367835248 50709570835248 1000011400
50709570835248 68838367835248 1000011399
