54875680535448 71527148 1000011388
54875680535448 72515581505048 1000011389
66705275715348 71527148 1000011388
50875175715348 71527148 1000011388
72515581505048 7177687148 1000009064
55567656505548 72515581505048 1000011389
66705275715348 78715748 1000011386
48705275715348 66705275715348 1000007953
50875175715348 78715748 1000011386
56835175715348 50875175715348 1000007953
7177687148 488755675748 1000009497
7177687148 57774948 1000007981
55567656505548 78715748 1000011386
7554568670504948 78715748 1000011386
50958081766748 78715748 1000011386
48705275715348 89534957745248 1000009019
88484875715348 48705275715348 1000008943
78765149685248 56835175715348 1000011400
56835175715348 74784968775548 1000009019
8982885048 488755675748 1000009497
7671498248 488755675748 1000001130
51864984528248 57774948 1000007981
515667494948 57774948 1000007981
5454568670504948 7554568670504948 1000007953
7554568670504948 765248 1000011385
50958081766748 765248 1000011385
50958081766748 51765053905048 1000011389
72488783785248 89534957745248 1000009019
83515188865448 89534957745248 1000009019
