53727174555248 87875578765248 1000011400
87875578765248 53727174555248 1000011399
53727174555248 66878376705248 1000011400
78727174555248 53727174555248 1000011399
53727174555248 78727174555248 1000011400
755148 53727174555248 1000011400
55527677705248 53727174555248 1000011399
66878376705248 87496789685248 1000011407
87496789685248 66878376705248 1000011412
55565587705248 66878376705248 1000011405
83907476705248 66878376705248 1000011410
66878376705248 83907476705248 1000010602
83665080775248 78727174555248 1000011409
48777084785248 78727174555248 1000009020
78727174555248 48777084785248 1000008943
78727174555248 83665080775248 1000008936
78727174555248 87496789685248 1000011394
83775551549548 755148 1000011399
755148 9087688051504948 1000011400
83668455766748 755148 1000011399
755148 70785454907248 1000011400
83577088546648 755148 1000011399
87517268525448 55527677705248 1000009023
55527677705248 83907476705248 1000010602
83907476705248 55527677705248 1000011410
55527677705248 83907476705248 1000011404
87496789685248 90805077705248 1000011412
90865077705248 87496789685248 1000010602
68878272875448 87496789685248 1000009043
