88959086719048 48779086719048 1000010928
90769086719048 48779086719048 1000011010
48779086719048 908080905348 1000010468
90769086719048 50704978507448 1000009072
70534956717148 908080905348 1000010468
788376845048 908080905348 1000010468
5475575678504948 908080905348 1000010468
77668167519548 50704978507448 1000009072
4967869051494948 50704978507448 1000009072
7874819551494948 50704978507448 1000009072
70534956717148 774986807548 1000007981
9083685048 70534956717148 1000010486
70534956717148 9083685048 1000010476
788376845048 7484815348 1000010440
5475575678504948 6783835548 1000010472
5475575678504948 72787487709048 1000010476
75897548 5475575678504948 1000010486
80668167519548 77668167519548 1000010927
8149665448 77668167519548 1000010982
56529575487548 77668167519548 1000010995
558154555348 4967869051494948 1000010995
4967869051494948 558154555348 1000011012
7874819551494948 558154555348 1000011012
558154555348 7874819551494948 1000010995
77815786887248 774986807548 1000007981
774986807548 7687745748 1000009044
685674815448 774986807548 1000007981
74818170875448 9083685048 1000007237
9083685048 55778254705148 1000010486
