55876666785048 84866887515248 1000009069
84866887515248 51678948685348 1000011394
66866887515248 51678948685348 1000011400
66866887515248 75514967485248 1000011400
75514967485248 71574967485248 1000010602
68868768665348 71574967485248 1000011407
954948 68868768665348 1000011410
954948 90758151688048 1000011410
90758151688048 55708151688048 1000010601
55708151688048 53674948 1000009041
50887082884948 53674948 1000009041
68878272875448 50887082884948 1000009043
72815274675348 68878272875448 1000009046
72815274675348 77495674675348 1000011412
77495674675348 89575274675348 1000010602
89575274675348 52669574755348 1000011412
52669574755348 54834875755348 1000010602
76515375755348 54834875755348 1000011407
74665375755348 76515375755348 1000011405
74665375755348 82515375755348 1000010601
72499549775348 82515375755348 1000011400
51835774675348 72499549775348 1000011399
51835774675348 55575448685348 1000011406
55575448685348 56835774675348 1000011407
56835774675348 56509549775348 1000009041
56509549775348 90499549775348 1000011409
55677850905348 90499549775348 1000009020
55677850905348 55876875755348 1000009022
80876875755348 55876875755348 1000009022
