55729574835048 86487574835048 1000011399
86487574835048 55729574835048 1000011400
55678449545248 86487574835048 1000011399
86487574835048 68719574835048 1000011400
86487574835048 90487574835048 1000011400
86487574835048 77548774835048 1000011400
51497574835048 90487574835048 1000011393
77548774835048 9548 1000011404
77548774835048 84758674835048 1000011407
9548 77548774835048 1000011410
77548774835048 9548 1000010602
51497574835048 56669574835048 1000011394
51497574835048 84758674835048 1000011394
56669574835048 51497574835048 1000011409
84758674835048 51497574835048 1000011409
9548 7148 1000011409
51577070725748 9548 1000008278
95885777845248 9548 1000011404
9548 5648 1000011399
84758674835048 54768674835048 1000011412
56778674835048 84758674835048 1000010601
54768674835048 84758674835048 1000011407
84758674835048 56778674835048 1000011412
56669574835048 53674948 1000009041
7148 515348 1000011394
825048 7148 1000011409
7148 724948 1000011394
7148 954948 1000011394
51577070725748 83568086515248 1000008278
