7484815348 80907777525448 1000009509
80907777525448 7484815348 1000010440
57845153815348 7484815348 1000010474
75744874865748 7484815348 1000007237
57845153815348 84868982884948 1000007981
57845153815348 908080905348 1000010468
75744874865748 6681566848 1000007237
75744874865748 825787716848 1000007237
88577254715748 84868982884948 1000007981
905272845248 84868982884948 1000007981
70534956717148 908080905348 1000010468
788376845048 908080905348 1000010468
6681566848 5068666748 1000010488
55865778865548 6681566848 1000007237
825787716848 665448 1000009074
48497476877148 825787716848 1000008600
88577254715748 49775248 1000009074
88577254715748 56775248 1000009074
905272845248 56775248 1000009074
905272845248 49775248 1000009074
70534956717148 774986807548 1000007981
9083685048 70534956717148 1000010486
758148575748 5068666748 1000010476
75897548 5068666748 1000010488
55865778865548 90567548 1000007237
55865778865548 897271726748 1000007237
54895066755248 665448 1000011402
57757190879548 665448 1000009074
78747476877148 48497476877148 1000007960
