5481745575484948 52577448839548 1000010222
5481745575484948 9580709072484948 1000010223
52577448839548 5481745575484948 1000010209
52577448839548 535386807548 1000009074
52577448839548 90906689898048 1000009074
52577448839548 5378675448 1000010205
9580709072484948 7553715248 1000010218
9580709072484948 52768990829548 1000010213
52768990829548 9580709072484948 1000010067
535386807548 494986807548 1000010601
674948 535386807548 1000011410
535386807548 674948 1000011404
90906689898048 494986807548 1000011407
494986807548 90906689898048 1000011412
56515449839548 90906689898048 1000009074
66719581865048 5378675448 1000010474
5378675448 57774948 1000007981
5378675448 66719581865048 1000009509
74785751535448 7553715248 1000010472
905272845248 7553715248 1000010472
7553715248 67534887665148 1000009074
52768990829548 865487865448 1000010061
7289865148 52768990829548 1000010139
52768990829548 80557784498748 1000009074
75485254717048 494986807548 1000007981
52847480776848 494986807548 1000007981
51775468504948 494986807548 1000007981
674948 87676848845048 1000011410
84906875755348 674948 1000011404
