84837148765048 95898348765048 1000008041
84837148765048 70488780755048 1000007981
84837148765048 95898348765048 1000008039
84837148765048 56708948765048 1000008039
57538948765048 95898348765048 1000008275
95898348765048 86828682884948 1000007981
95728648505048 70488780755048 1000007981
82555248765048 70488780755048 1000007981
4867905248 70488780755048 1000007981
86767181725048 70488780755048 1000009051
56708948765048 78668057835248 1000002015
72508995577848 56708948765048 1000008273
528854885148 56708948765048 1000008275
685080664948 56708948765048 1000008072
71558281505048 86828682884948 1000011404
71907570905548 86828682884948 1000010602
56558848765048 86828682884948 1000007981
86828682884948 53674948 1000009048
68955778865548 95728648505048 1000007237
95728648505048 8272896848 1000008037
72754874865748 95728648505048 1000007237
86678049806748 95728648505048 1000008313
82555248765048 5286835248 1000008036
82555248765048 56898748765048 1000008041
82555248765048 56898748765048 1000008039
4867905248 8289535348 1000008040
55865778865548 4867905248 1000007237
82725695725448 4867905248 1000007237
8289535348 4867905248 1000008031
