56836781785048 68836781785048 1000011400
68836781785048 56836781785048 1000011399
75836781785048 68836781785048 1000011393
68538381785048 56836781785048 1000011399
56836781785048 95768381785048 1000011400
66728381785048 56836781785048 1000011399
56836781785048 66728381785048 1000011400
75836781785048 49895552515248 1000008940
80498281785048 75836781785048 1000011409
75836781785048 80498281785048 1000011394
68538381785048 80498281785048 1000010601
68538381785048 874948 1000010602
68538381785048 874948 1000011404
80498281785048 68538381785048 1000011412
66728381785048 80498281785048 1000010601
66728381785048 80498281785048 1000011407
80498281785048 66728381785048 1000011412
88508281785048 80498281785048 1000011407
70558381785048 80498281785048 1000010601
80498281785048 874948 1000009041
74768381785048 80498281785048 1000010601
874948 71808666904948 1000011410
87728484719048 874948 1000010602
48675766755048 874948 1000011404
874948 72808172875048 1000011410
88508281785048 77664948 1000010602
77664948 88508281785048 1000011410
88508281785048 77664948 1000011404
70558381785048 77664948 1000011404
