90678395707548 50688395707548 1000007978
8284528950484948 90678395707548 1000007985
90678395707548 55784948 1000007981
90678395707548 8284528950484948 1000007984
90678395707548 80955270569048 1000009502
8284528950484948 899054955048 1000009314
8284528950484948 49867555725048 1000007981
555350824948 8284528950484948 1000009320
8284528950484948 955648 1000009074
8284528950484948 555350824948 1000009314
71848674835048 55784948 1000010602
55885257806748 55784948 1000011404
82874948 55784948 1000010602
82874948 55784948 1000010601
48845474765248 55784948 1000007981
56728672725148 899054955048 1000009314
68775195577148 899054955048 1000009314
72755551898048 899054955048 1000007985
55828381549548 899054955048 1000007985
51818170875448 899054955048 1000007237
49867555725048 48758266728248 1000009048
87877555725048 49867555725048 1000010601
49867555725048 53674948 1000009048
50515253815148 49867555725048 1000008283
49867555725048 53674948 1000009041
68955778865548 555350824948 1000007237
74718495675548 555350824948 1000007237
805086815648 555350824948 1000008069
807690775348 555350824948 1000008069
