54714878849548 56905678849548 1000009027
56905678849548 54714878849548 1000008954
67485483505748 56905678849548 1000008959
56905678849548 84555081709548 1000008955
56905678849548 67485483505748 1000008956
67745250909548 54714878849548 1000008954
86485483505748 54714878849548 1000008958
54714878849548 84555081709548 1000009026
54714878849548 86485483505748 1000009029
54714878849548 88955383505748 1000009028
82547872877148 67485483505748 1000008956
67485483505748 70517654897148 1000008959
67485483505748 82788488686648 1000008959
67485483505748 78777577755748 1000008959
50565666867148 67485483505748 1000008956
84555081709548 57774948 1000007981
84555081709548 825174495048 1000009497
86667850879548 84555081709548 1000008955
825174495048 84555081709548 1000009498
84555081709548 66525067829548 1000009502
74485483505748 67745250909548 1000008959
67745250909548 74485483505748 1000008956
48686866908748 86485483505748 1000009029
80817677688048 86485483505748 1000009029
86485483505748 48686866908748 1000008958
7189485181484948 86485483505748 1000009029
86485483505748 83867066508748 1000008958
51565649508748 88955383505748 1000009028
88955383505748 4951727655484948 1000008957
