86515281537248 53667151884948 1000009073
86515281537248 84785248 1000009073
86515281537248 908080905348 1000010468
86515281537248 7184886848 1000010476
7184886848 86515281537248 1000010486
89849086719048 53667151884948 1000009073
66778674865348 53667151884948 1000009073
505567837548 53667151884948 1000009073
72667151884948 53667151884948 1000011405
82839086719048 53667151884948 1000009073
77726877824948 84785248 1000009074
82755248 84785248 1000011412
88537071518648 84785248 1000009073
7483808881494948 84785248 1000009074
55578495748448 84785248 1000009073
70534956717148 908080905348 1000010468
788376845048 908080905348 1000010468
5475575678504948 908080905348 1000010468
88505572527448 908080905348 1000010468
71767255528648 908080905348 1000010468
70568170875448 7184886848 1000007237
75744874865748 7184886848 1000007237
90908848677148 7184886848 1000010476
7184886848 755151664948 1000010486
7184886848 5068666748 1000010488
89849086719048 82755248 1000007981
89849086719048 56775248 1000009073
89849086719048 7883905048 1000010468
48779086719048 89849086719048 1000010473
