90777850905348 72499549775348 1000011399
90499549775348 90777850905348 1000008947
72499549775348 90777850905348 1000011400
51835774675348 72499549775348 1000011399
72499549775348 55677850905348 1000011400
90755774675348 72499549775348 1000011399
55677850905348 90499549775348 1000009020
90499549775348 66717850905348 1000008943
52846875755348 90499549775348 1000011409
51835774675348 55575448685348 1000011406
51835774675348 56835774675348 1000010602
51835774675348 55575448685348 1000010418
55677850905348 55876875755348 1000009022
55677850905348 89534957745248 1000009019
90755774675348 554948 1000010602
90755774675348 554948 1000011404
90755774675348 89575274675348 1000010601
66717850905348 80888778895548 1000007953
66717850905348 57544957745248 1000009019
66717850905348 67725274675348 1000009022
68846875755348 52846875755348 1000009022
52846875755348 53674948 1000009041
68487075755348 52846875755348 1000011404
55575448685348 89575274675348 1000010602
55575448685348 56835774675348 1000011407
89575274675348 55575448685348 1000011410
56835774675348 56509549775348 1000009041
74727850905348 56835774675348 1000009022
56835774675348 53674948 1000009041
