77677871875748 51838155905648 1000011399
53875272865648 77677871875748 1000007951
72908690515748 51838155905648 1000011399
51838155905648 53499056875748 1000011400
53875272865648 77756776875748 1000007951
53875272865648 51827284895748 1000007951
704986865148 72908690515748 1000007988
72908690515748 704986865148 1000007998
57865383535048 53499056875748 1000007988
53499056875748 57865383535048 1000007998
77756776875748 8984805148 1000007998
8984805148 77756776875748 1000007988
51827284895748 867855535048 1000007998
867855535048 51827284895748 1000007988
704986865148 67764852725048 1000008705
704986865148 57505176958748 1000008718
57865383535048 56775248 1000009074
53754874865748 57865383535048 1000007237
4856805687504948 8984805148 1000007985
8984805148 718155497148 1000011194
84567172765148 867855535048 1000007998
867855535048 50845582725048 1000007981
88515650725148 67764852725048 1000008705
5295826848 67764852725048 1000008705
57505176958748 897271726748 1000008774
83557251526748 56775248 1000009073
7070957886484948 56775248 1000009074
53754874865748 7687745748 1000007237
53754874865748 714854486848 1000007237
