50958255495248 68818786515248 1000007981
74528770715148 68818786515248 1000007981
68818786515248 72669582884948 1000011399
53488470715148 68818786515248 1000007981
54498355495248 68818786515248 1000007981
66805067715148 68818786515248 1000007981
72669582884948 67839070716848 1000011400
72669582884948 88679582884948 1000011400
78689582884948 72669582884948 1000011399
83669582884948 72669582884948 1000011399
72669582884948 54818786515248 1000011400
88679582884948 67839070716848 1000007978
72728272875448 88679582884948 1000009043
88679582884948 53674948 1000009048
88679582884948 72728272875448 1000009046
83669582884948 88679582884948 1000011394
88679582884948 53674948 1000009041
76717683785248 83669582884948 1000009020
52747683785248 83669582884948 1000009020
83669582884948 52747683785248 1000008943
83669582884948 76717683785248 1000008943
95665287777248 83669582884948 1000008933
54818786515248 53677549525248 1000011412
53677549525248 54818786515248 1000010601
8951687048 54818786515248 1000007981
53677549525248 54818786515248 1000011407
54818786515248 53674948 1000009048
72728272875448 87705156755048 1000009043
72728272875448 77867555725048 1000009043
