89535148904948 78708470756848 1000011400
78708470756848 89535148904948 1000011399
88578175885048 78708470756848 1000007978
90688054845048 89535148904948 1000011399
89535148904948 95665287777248 1000011400
89535148904948 755567837448 1000011400
88578175885048 52668175885048 1000011412
86767181725048 88578175885048 1000009051
88578175885048 71578272875448 1000009046
90688054845048 53674948 1000009048
86767181725048 90688054845048 1000009051
54545148904948 90688054845048 1000011394
95665287777248 83524948 1000008933
95665287777248 87538875825748 1000008933
76687595495048 95665287777248 1000008937
56899080835348 755567837448 1000008931
54545148904948 755567837448 1000008931
68765167725148 755567837448 1000008001
52668175885048 555367837448 1000010602
555367837448 52668175885048 1000011410
52668175885048 555367837448 1000011404
75815455725048 86767181725048 1000009047
86767181725048 50865566515048 1000009051
55505556755048 86767181725048 1000009047
80807082884948 71578272875448 1000009046
71578272875448 70877780884948 1000009043
71578272875448 67486888895048 1000009043
50887082884948 53674948 1000009041
67527288535548 53674948 1000010601
