81706766867148 71896666867148 1000007981
81706766867148 51525678905348 1000009052
51525678905348 81706766867148 1000009645
81706766867148 7251496748 1000009766
71896666867148 48486766867148 1000011412
71896666867148 53674948 1000009048
71896666867148 75496766867148 1000011412
71896666867148 56534948 1000011409
51525678905348 90566868867148 1000009645
90566868867148 51525678905348 1000009052
71548270875448 7251496748 1000007237
4855535248 7251496748 1000009652
7251496748 95874948 1000007981
7251496748 9555955548 1000009711
48486766867148 95874948 1000011404
48486766867148 95874948 1000010602
48486766867148 95524948 1000011399
95874948 48486766867148 1000011410
50887082884948 53674948 1000009041
67527288535548 53674948 1000010601
67527288535548 53674948 1000010602
53724948 53674948 1000011407
75496766867148 674948 1000011404
674948 75496766867148 1000011410
75496766867148 674948 1000010602
68875387957448 75496766867148 1000002474
56534948 83705374835048 1000011394
82887183785248 56534948 1000009020
76517283785248 56534948 1000009020
