705748785548 83888667835048 1000007981
83888667835048 86767181725048 1000009047
75815455725048 86767181725048 1000009047
75815455725048 83505455725048 1000011399
54868083785248 83505455725048 1000011399
54868083785248 89534957745248 1000009019
48705275715348 89534957745248 1000009019
88484875715348 48705275715348 1000008943
56836880827248 88484875715348 1000009055
56836880827248 86836880827248 1000011414
86836880827248 575148 1000011399
54538089899548 575148 1000011399
89528089899548 54538089899548 1000011414
535248 89528089899548 1000011415
535248 88827280895248 1000011415
56838055908248 88827280895248 1000011415
56838055908248 70837456525248 1000011415
70837456525248 66678168755348 1000007980
66678168755348 55786781505048 1000011389
75665471865248 55786781505048 1000008286
75665471865248 83578280745148 1000008288
83578280745148 86525280755748 1000011414
86525280755748 568490567448 1000011415
568490567448 518948 1000011414
49815148904948 518948 1000011414
