8074768848 57774948 1000007981
8074768848 7074705348 1000009497
568667725048 8074768848 1000011170
8074768848 568667725048 1000009512
7074705348 8074768848 1000009498
51864984528248 57774948 1000007981
515667494948 57774948 1000007981
5378727648 57774948 1000007981
52827284715148 57774948 1000007981
82576772885048 57774948 1000011404
8966509552494948 7074705348 1000010474
7074705348 488755675748 1000003502
568667725048 7074705348 1000011170
87778270875448 7074705348 1000007237
82888072805148 7074705348 1000010481
568667725048 4974578948 1000011170
568667725048 5351907848 1000011170
568667725048 5378727648 1000011170
714854486848 568667725048 1000009512
4974578948 568667725048 1000009512
51864984528248 6650544948 1000009497
687674805048 51864984528248 1000010474
51864984528248 82874948 1000009072
825174495048 51864984528248 1000009498
51864984528248 687674805048 1000009509
72754874865748 515667494948 1000007237
87744874865748 515667494948 1000007237
515667494948 68558874907148 1000007980
53754874865748 515667494948 1000007237
