8367837848514948 9587836690504948 1000008396
9587836690504948 8367837848514948 1000010465
9587836690504948 9567837848514948 1000010465
9587836690504948 5088499081494948 1000010476
5088499081494948 9587836690504948 1000010486
7782769068494948 5088499081494948 1000010476
5088499081494948 7553565148 1000010488
7553565148 5088499081494948 1000010489
7782769068494948 55715554725048 1000009074
7782769068494948 55757788565048 1000009074
7782769068494948 7789719578494948 1000010476
7553565148 51785354725048 1000007981
8183805067494948 7553565148 1000010476
83869576878348 7553565148 1000010476
54729088755548 55715554725048 1000009074
875074715248 55715554725048 1000009074
87517268525448 55715554725048 1000009023
55757788565048 82755248 1000011407
6867745150494948 55757788565048 1000009074
755151664948 55757788565048 1000009073
7576559068494948 7789719578494948 1000010476
7789719578494948 51785354725048 1000007981
7789719578494948 7576559068494948 1000010486
50578054725048 51785354725048 1000007981
667895545348 51785354725048 1000007981
51785354725048 80807548904948 1000011409
8183805067494948 66556755725048 1000007981
8183805067494948 5087686868494948 1000009074
8751866748 8183805067494948 1000009509
