50784855836648 54784855836648 1000007978
50784855836648 55784948 1000007981
50784855836648 8171845053494948 1000009502
71848674835048 55784948 1000010602
55885257806748 55784948 1000011404
82874948 55784948 1000010602
82874948 55784948 1000010601
71848674835048 84758674835048 1000010601
86487574835048 71848674835048 1000011400
71848674835048 84758674835048 1000011407
71848674835048 86487574835048 1000011399
51497871766748 55885257806748 1000011412
55885257806748 51497871766748 1000010601
83668455766748 55885257806748 1000011400
55885257806748 51497871766748 1000011407
95844948 82874948 1000010418
898448905448 82874948 1000009074
554953514948 82874948 1000009074
82836676899548 82874948 1000009074
84758674835048 54768674835048 1000011412
56778674835048 84758674835048 1000010601
54768674835048 84758674835048 1000011407
84758674835048 56778674835048 1000011412
55678449545248 86487574835048 1000011399
86487574835048 68719574835048 1000011400
86487574835048 90487574835048 1000011400
86487574835048 77548774835048 1000011400
51497871766748 75678455766748 1000009041
55678455766748 51497871766748 1000011394
