52504974757148 76494974757148 1000011415
76494974757148 86494974757148 1000011414
76494974757148 71494974757148 1000011399
575148 86494974757148 1000011400
86494974757148 575148 1000011399
71494974757148 575148 1000011399
575148 71494974757148 1000011400
54538089899548 575148 1000011399
86836880827248 575148 1000011399
575148 81789581495348 1000011400
89528089899548 54538089899548 1000011414
54538089899548 89528089899548 1000011415
56836880827248 86836880827248 1000011414
86836880827248 56836880827248 1000011415
86789581495348 81789581495348 1000011399
81789581495348 86789581495348 1000011400
535248 89528089899548 1000011415
89528089899548 535248 1000011414
56836880827248 88484875715348 1000009055
48537586827248 56836880827248 1000007960
56836880827248 52836880827248 1000011399
535248 86789581495348 1000011415
86789581495348 535248 1000011414
535248 88827280895248 1000011415
8250507255484948 535248 1000011414
75865651517448 535248 1000011414
82747855517248 88484875715348 1000008001
88484875715348 83875175715348 1000008943
56725275715348 88484875715348 1000009020
