90544951777148 51765053905048 1000011389
51765053905048 535248 1000011414
90544951777148 765248 1000011385
90544951777148 71527148 1000011388
535248 88827280895248 1000011415
8250507255484948 535248 1000011414
55674876486748 765248 1000011385
89566675828748 765248 1000011385
66705275715348 71527148 1000011388
50875175715348 71527148 1000011388
56838055908248 88827280895248 1000011415
88827280895248 86525280755748 1000011414
8250507255484948 575467837448 1000009074
8250507255484948 505467837448 1000009074
55674876486748 78715748 1000011386
55674876486748 568790567448 1000011389
89566675828748 78715748 1000011386
75566675828748 89566675828748 1000007953
66705275715348 78715748 1000011386
48705275715348 66705275715348 1000007953
50875175715348 78715748 1000011386
56835175715348 50875175715348 1000007953
56838055908248 70837456525248 1000011415
95505675487448 56838055908248 1000011414
86525280755748 568490567448 1000011415
86525280755748 83958153955048 1000011415
874948 575467837448 1000011410
49827188789048 575467837448 1000009074
49827188789048 505467837448 1000009074
