72907478806748 83568086515248 1000007981
83568086515248 55728157725248 1000011410
83568086515248 51727655725048 1000011409
83568086515248 53674948 1000009041
83568086515248 86717655725048 1000011399
82816688705248 55728157725248 1000011400
55728157725248 82816688705248 1000011399
51727655725048 67727655725048 1000011394
51727655725048 84757655725048 1000011394
51727655725048 95665287777248 1000008937
568790567448 51727655725048 1000009055
50887082884948 53674948 1000009041
67527288535548 53674948 1000010601
67527288535548 53674948 1000010602
53724948 53674948 1000011407
80777655725048 86717655725048 1000011399
86717655725048 80777655725048 1000011400
755148 86717655725048 1000011400
86717655725048 78578086515248 1000011400
53898052715248 82816688705248 1000011399
82816688705248 72537157725248 1000011400
82816688705248 76508152715248 1000011400
82816688705248 87728052715248 1000011400
55825180755248 67727655725048 1000011404
80777655725048 67727655725048 1000010602
67727655725048 80777655725048 1000011410
86767181725048 67727655725048 1000009051
86767181725048 84757655725048 1000009051
84757655725048 78578086515248 1000011410
