488882807548 828782807548 1000011399
488882807548 48884849505048 1000011394
48884849505048 488882807548 1000011409
48884849505048 828782807548 1000011399
755148 828782807548 1000011400
828782807548 755148 1000011399
48884849505048 53674948 1000009041
83775551549548 755148 1000011399
755148 9087688051504948 1000011400
83668455766748 755148 1000011399
50887082884948 53674948 1000009041
67527288535548 53674948 1000010601
67527288535548 53674948 1000010602
83775551549548 80805551549548 1000011400
84825551549548 83775551549548 1000011399
83775551549548 84825551549548 1000011400
9087688051504948 5088688051504948 1000011400
9087688051504948 5688688051504948 1000011400
5688688051504948 9087688051504948 1000011399
72805257806748 83668455766748 1000011399
83668455766748 75678455766748 1000011400
49495395566848 83668455766748 1000011399
68878272875448 50887082884948 1000009043
81547082884948 50887082884948 1000011394
50887082884948 70547082884948 1000011399
8453865578504948 67527288535548 1000009074
5489508072504948 67527288535548 1000009073
82848753546648 67527288535548 1000011402
84825551549548 53707870879048 1000011387
