576670685048 77539087884948 1000007988
76778186665148 576670685048 1000010392
576670685048 71505782865548 1000007981
576670685048 559549574948 1000007692
50517466775648 77539087884948 1000007948
77539087884948 50517466775648 1000007995
6883817048 71505782865548 1000007981
71505782865548 53674948 1000009041
675383507248 71505782865548 1000007981
517778564948 71505782865548 1000007981
88498470875448 559549574948 1000007237
53754874865748 559549574948 1000007237
70568170875448 559549574948 1000007237
7175717748 559549574948 1000007692
50517466775648 76768384485248 1000007948
56908189785348 50517466775648 1000007995
82808157815148 50517466775648 1000007995
50517466775648 88876650505248 1000007948
6883817048 81867586825048 1000008330
77907175875248 6883817048 1000008321
6883817048 76837650815148 1000008330
6883817048 77907175875248 1000008330
50887082884948 53674948 1000009041
67527288535548 53674948 1000010601
67527288535548 53674948 1000010602
53724948 53674948 1000011407
75905086776748 675383507248 1000007960
675383507248 75905086776748 1000007980
51818170875448 517778564948 1000007237
