8667818983494948 4866848983494948 1000010475
4866848983494948 8667818983494948 1000010482
8667818983494948 6650544948 1000010472
8667818983494948 8188665548 1000007985
8166848983494948 8667818983494948 1000010482
54515274709048 8667818983494948 1000010486
77565454825048 6650544948 1000009497
6650544948 67534887665148 1000009074
6650544948 834878545248 1000010411
57768190685248 6650544948 1000009497
86545053895548 8188665548 1000007237
74718495675548 8188665548 1000007237
8188665548 88668274789048 1000010412
88668274789048 8188665548 1000010388
8166848983494948 7680745248 1000010481
54515274709048 7156878948514948 1000007985
54515274709048 51785354725048 1000007981
7156878948514948 54515274709048 1000007984
78818751529048 54515274709048 1000010476
77565454825048 707588745348 1000008411
707588745348 77565454825048 1000008443
75835195776648 77565454825048 1000008392
77565454825048 76787250894948 1000007981
5553895448 67534887665148 1000009074
5057875448 67534887665148 1000009074
8654865248 67534887665148 1000009074
8174774948 67534887665148 1000009074
834878545248 4966835348 1000010374
4966835348 834878545248 1000010411
