6648784948 72745272565248 1000009809
72754874865748 6648784948 1000007237
6648784948 52725768565248 1000009809
53754874865748 6648784948 1000007237
72754874865748 4966835348 1000007237
72754874865748 8066485448 1000007237
72754874865748 7487507048 1000007237
72754874865748 784880784948 1000007237
53754874865748 7687745748 1000007237
53754874865748 57865383535048 1000007237
53754874865748 8984805148 1000007237
53754874865748 704986865148 1000007237
87744874865748 4966835348 1000007237
75487448 4966835348 1000009498
8290535448 4966835348 1000000479
82725695725448 4966835348 1000007237
89825153685248 8066485448 1000009191
7057747048 8066485448 1000004464
84754874865748 8066485448 1000007237
88544868775448 8066485448 1000007237
8155784948 7487507048 1000009498
7487507048 488755675748 1000009497
70568170875448 7487507048 1000007237
75744874865748 7487507048 1000007237
784880784948 51844895665348 1000008074
53714884887448 784880784948 1000009058
55865778865548 784880784948 1000007237
70868495675548 784880784948 1000007237
7687745748 8071525049514948 1000010486
