72665757705048 49498782884948 1000007971
49498782884948 95887182884948 1000007965
75535384685048 49498782884948 1000007971
86954888765348 49498782884948 1000007971
49498782884948 56524948 1000007965
578870715348 72665757705048 1000007980
72665757705048 56885648 1000011386
72665757705048 578870715348 1000007960
95887182884948 55497482884948 1000011394
95887182884948 81865588716748 1000008948
95887182884948 86828682884948 1000011394
86828682884948 95887182884948 1000011409
95887182884948 66728448505048 1000011394
75535384685048 56885648 1000011386
75535384685048 718677747548 1000007964
75535384685048 6874525148 1000007971
86954888765348 56885648 1000011386
86954888765348 6874525148 1000007971
86954888765348 76497176685048 1000007964
86954888765348 48778448505048 1000011389
56524948 56836880827248 1000008948
48545148 56524948 1000011409
56836880827248 56524948 1000009055
95665287777248 56524948 1000008933
56524948 48545148 1000011394
90756870555248 578870715348 1000002752
72717881835248 578870715348 1000007960
578870715348 72717881835248 1000007980
80486878905248 578870715348 1000002752
