5278546753494948 5582546753494948 1000010418
5582546753494948 5278546753494948 1000011405
7549538981484948 5582546753494948 1000011400
5278546753494948 5582546753494948 1000011406
7478538981484948 5582546753494948 1000011412
7478538981484948 5278546753494948 1000011412
7478538981484948 5278546753494948 1000011410
5278546753494948 7478538981484948 1000011404
5278546753494948 7478538981484948 1000010602
7549538981484948 5278546753494948 1000011400
6749526895484948 7549538981484948 1000011399
7549538981484948 7478538981484948 1000011400
7070748488484948 7549538981484948 1000011399
7549538981484948 8749538981484948 1000011400
7549538981484948 9550726753494948 1000011400
7478538981484948 5066728251494948 1000011412
7478538981484948 8981809081484948 1000011412
7478538981484948 5066728251494948 1000011410
7478538981484948 8981809081484948 1000011410
7478538981484948 7482538981484948 1000011412
6749526895484948 774948 1000011404
6749526895484948 9054866695484948 1000011407
6749526895484948 9054866695484948 1000010601
6749526895484948 774948 1000010602
774948 6749526895484948 1000011410
6788678488484948 7070748488484948 1000011412
7070748488484948 954948 1000010602
7070748488484948 6788678488484948 1000011407
954948 7070748488484948 1000011410
