8380518266484948 68958786779548 1000011399
8380518266484948 81958786779548 1000011409
68958786779548 755148 1000011399
74958786779548 68958786779548 1000011399
8981518266484948 81958786779548 1000011409
81958786779548 74958786779548 1000011393
83775551549548 755148 1000011399
755148 9087688051504948 1000011400
8683538266484948 8981518266484948 1000010601
8981518266484948 8182538266484948 1000011412
83775551549548 80805551549548 1000011400
84825551549548 83775551549548 1000011399
9087688051504948 5088688051504948 1000011400
9087688051504948 5688688051504948 1000011400
724948 8683538266484948 1000011410
8683538266484948 724948 1000011404
8182538266484948 954948 1000011404
954948 8182538266484948 1000011410
84825551549548 53707870879048 1000011387
84825551549548 765448 1000009074
5688688051504948 5088688051504948 1000011393
51875257806748 724948 1000010602
51547068558048 724948 1000011404
954948 90758151688048 1000011410
71838753546648 954948 1000011404
53707870879048 505467837448 1000009074
535248 53707870879048 1000011415
765448 554948 1000011404
765448 5648 1000011401
