68818084785348 72908084785348 1000011400
72908084785348 87818084785348 1000009020
68818084785348 53828084785348 1000011400
87838084785348 68818084785348 1000011399
87838084785348 87818084785348 1000011409
87818084785348 75868084785348 1000008943
87838084785348 53828084785348 1000009041
55908084785348 53828084785348 1000009041
87888084785348 87838084785348 1000011404
76828184785348 87838084785348 1000011404
75868084785348 89534957745248 1000009019
75868084785348 57868084785348 1000009022
55908084785348 53674948 1000009041
87888084785348 57868084785348 1000011407
87888084785348 57868084785348 1000010601
76828184785348 56808284785348 1000011406
76828184785348 56808284785348 1000010418
48705275715348 89534957745248 1000009019
72488783785248 89534957745248 1000009019
57868084785348 53674948 1000009041
50887082884948 53674948 1000009041
67527288535548 53674948 1000010601
87517268525448 56808284785348 1000009023
88484875715348 48705275715348 1000008943
78765149685248 48705275715348 1000011400
55528351955048 72488783785248 1000011400
75528351955048 72488783785248 1000008943
68878272875448 50887082884948 1000009043
81547082884948 50887082884948 1000011394
