88808757825548 55848653805548 1000007069
88808757825548 9555955548 1000007056
88808757825548 87787095815548 1000007065
52908266805548 55848653805548 1000007069
81717167825548 55848653805548 1000007069
83889055815548 55848653805548 1000007069
72754874865748 9555955548 1000007237
87787095815548 9555955548 1000007051
9555955548 49565274835048 1000007981
52908266805548 74956850835548 1000007060
52908266805548 82685389815548 1000007060
74678870486748 52908266805548 1000007050
81717167825548 74678870486748 1000007061
74678870486748 81717167825548 1000007050
83889055815548 576783845048 1000007056
72754874865748 6648784948 1000007237
72754874865748 4966835348 1000007237
72754874865748 8066485448 1000007237
56534948 49565274835048 1000011394
49565274835048 74565274835048 1000011412
49565274835048 57565274835048 1000011410
74678870486748 74956850835548 1000007050
74956850835548 74678870486748 1000007061
82685389815548 74678870486748 1000007061
74678870486748 82685389815548 1000007050
86814949825548 74678870486748 1000007061
77496790815548 74678870486748 1000007061
74678870486748 95869552825548 1000007050
576783845048 75487050865348 1000007981
