818950825548 908080905348 1000010468
818950825548 53537276885048 1000007981
70534956717148 908080905348 1000010468
788376845048 908080905348 1000010468
538167555648 53537276885048 1000007981
77765189775248 53537276885048 1000007981
70534956717148 774986807548 1000007981
9083685048 70534956717148 1000010486
788376845048 7484815348 1000010440
538167555648 897271726748 1000010472
538167555648 7057747048 1000010476
77765189775248 7057747048 1000010476
7057747048 77765189775248 1000010486
77815786887248 774986807548 1000007981
774986807548 7687745748 1000009044
74818170875448 9083685048 1000007237
9083685048 55778254705148 1000010486
57845153815348 7484815348 1000010474
7484815348 80907777525448 1000009509
897271726748 5553895448 1000009498
53818054815048 897271726748 1000010472
7057747048 8066485448 1000004464
70537154569548 7057747048 1000010476
7289865148 77815786887248 1000010140
77815786887248 7289865148 1000010079
7687745748 8071525049514948 1000010486
76568070776648 7687745748 1000010476
74818170875448 53824990535548 1000007988
74818170875448 545650955048 1000007237
