9571818683504948 5172818683504948 1000011400
9571818683504948 575148 1000011399
5172818683504948 9571818683504948 1000011399
575148 9571818683504948 1000011400
535248 5172818683504948 1000011415
5172818683504948 535248 1000011414
54538089899548 575148 1000011399
86836880827248 575148 1000011399
575148 81789581495348 1000011400
52765651829548 575148 1000011399
535248 88827280895248 1000011415
8250507255484948 535248 1000011414
75865651517448 535248 1000011414
535248 68755453888648 1000011415
89528089899548 54538089899548 1000011414
54538089899548 89528089899548 1000011415
56836880827248 86836880827248 1000011414
86836880827248 56836880827248 1000011415
86789581495348 81789581495348 1000011399
81789581495348 86789581495348 1000011400
52765651829548 88755651829548 1000011415
88755651829548 52765651829548 1000011414
56838055908248 88827280895248 1000011415
88827280895248 86525280755748 1000011414
66678168755348 88827280895248 1000007960
88827280895248 74705153725048 1000011414
8250507255484948 575467837448 1000009074
8250507255484948 505467837448 1000009074
8250507255484948 875367837448 1000009074
