87888084785348 87838084785348 1000011404
87888084785348 57868084785348 1000011407
87888084785348 57868084785348 1000010601
76828184785348 87838084785348 1000011404
87838084785348 68818084785348 1000011399
87838084785348 87818084785348 1000011409
57868084785348 68818084785348 1000011399
57868084785348 53674948 1000009041
75868084785348 57868084785348 1000009022
76828184785348 68818084785348 1000011399
76828184785348 56808284785348 1000011406
68818084785348 76828184785348 1000011400
68818084785348 53828084785348 1000011400
55908084785348 68818084785348 1000011399
68818084785348 70838084785348 1000011400
87818084785348 72908084785348 1000008943
87818084785348 75868084785348 1000008943
55908084785348 87818084785348 1000011409
50887082884948 53674948 1000009041
67527288535548 53674948 1000010601
67527288535548 53674948 1000010602
75868084785348 89534957745248 1000009019
87517268525448 56808284785348 1000009023
55908084785348 53828084785348 1000009041
72908084785348 55908084785348 1000009022
72908084785348 89534957745248 1000009019
68878272875448 50887082884948 1000009043
81547082884948 50887082884948 1000011394
50887082884948 70547082884948 1000011399
