68725274835048 56534948 1000011409
68725274835048 87828654755048 1000009041
68725274835048 82505174835048 1000009041
68725274835048 86767181725048 1000009047
68725274835048 95524948 1000011399
56534948 83705374835048 1000011394
82887183785248 56534948 1000009020
76517283785248 56534948 1000009020
56534948 95524948 1000011399
89884948 56534948 1000011409
71745274835048 87828654755048 1000009041
49904948 87828654755048 1000009041
86826854535248 87828654755048 1000010602
49565274835048 87828654755048 1000009041
50679055665348 87828654755048 1000010602
74765274835048 82505174835048 1000009041
89884948 82505174835048 1000009041
82505174835048 54545148904948 1000011409
82505174835048 89535148904948 1000011399
83815274835048 82505174835048 1000009041
75815455725048 86767181725048 1000009047
86767181725048 50865566515048 1000009051
55505556755048 86767181725048 1000009047
86767181725048 67727655725048 1000009051
86767181725048 82755248 1000009051
95524948 83784866866748 1000011400
53845274835048 95524948 1000011399
52527283785248 95524948 1000011399
78847183785248 95524948 1000011399
