67728784835348 77908168785348 1000011399
525584807548 67728784835348 1000011410
77908168785348 66885786835348 1000011400
755148 77908168785348 1000011400
525584807548 83835577845248 1000011410
525584807548 67687172835748 1000011410
66885786835348 53674948 1000009041
83525054865348 66885786835348 1000011407
83775551549548 755148 1000011399
755148 9087688051504948 1000011400
83835577845248 95745577845248 1000011399
95745577845248 83835577845248 1000011400
67687172835748 89897166775648 1000011407
77827266775648 67687172835748 1000011406
50887082884948 53674948 1000009041
67527288535548 53674948 1000010601
824948 83525054865348 1000011410
83525054865348 824948 1000011404
83775551549548 80805551549548 1000011400
84825551549548 83775551549548 1000011399
9087688051504948 5088688051504948 1000011400
9087688051504948 5688688051504948 1000011400
95745577845248 51755577845248 1000011400
70765577845248 95745577845248 1000011399
86817272835748 89897166775648 1000011404
86817272835748 89897166775648 1000011407
958848 77827266775648 1000011400
77827266775648 958848 1000011399
68878272875448 50887082884948 1000009043
81547082884948 50887082884948 1000011394
8453865578504948 67527288535548 1000009074
5489508072504948 67527288535548 1000009073
87706690875148 824948 1000011404
824948 75518670905548 1000011410
84825551549548 53707870879048 1000011387
84825551549548 765448 1000009074
5688688051504948 5088688051504948 1000011393
71755577845248 51755577845248 1000011393
86817272835748 87677472835748 1000010418
