89704967485648 49867555725048 1000007981
89704967485648 775495885748 1000009314
775495885748 89704967485648 1000009320
49867555725048 48758266728248 1000009048
87877555725048 49867555725048 1000010601
49867555725048 53674948 1000009048
50515253815148 49867555725048 1000008283
49867555725048 53674948 1000009041
775495885748 8768525648 1000009797
83785470485648 775495885748 1000009314
77757778485648 775495885748 1000009314
775495885748 885495885748 1000007978
72677875685048 775495885748 1000007960
52505554535048 48758266728248 1000009048
83888667835048 48758266728248 1000009048
49519080725048 48758266728248 1000009048
82505174835048 48758266728248 1000009048
52774949904948 48758266728248 1000009048
8284528950484948 87877555725048 1000009074
87877555725048 874948 1000010602
8466568480484948 87877555725048 1000009073
72847149687148 87877555725048 1000002474
66897295495048 87877555725048 1000011400
50887082884948 53674948 1000009041
67527288535548 53674948 1000010601
67527288535548 53674948 1000010602
53724948 53674948 1000011407
53674948 86767181725048 1000009047
50515253815148 875048 1000008283
50515253815148 954986807548 1000008283
50515253815148 66896882884948 1000007981
50515253815148 7648 1000008283
50515253815148 54528089725048 1000008283
87744874865748 8768525648 1000007237
75744874865748 8768525648 1000007237
82725695725448 8768525648 1000007237
88498470875448 8768525648 1000007237
55865778865548 8768525648 1000007237
72677875685048 84557284775148 1000007971
