9551804849514948 8451804849514948 1000011393
8051804849514948 9551804849514948 1000011400
9551804849514948 8051804849514948 1000011399
8451804849514948 8051804849514948 1000011399
5551804849514948 8451804849514948 1000011414
8051804849514948 8451804849514948 1000011400
8451804849514948 5551804849514948 1000011415
8051804849514948 755148 1000011399
755148 8051804849514948 1000011400
5551804849514948 6655804849514948 1000009061
6655804849514948 5551804849514948 1000008977
5551804849514948 5151804849514948 1000011399
5551804849514948 8954804849514948 1000011414
83775551549548 755148 1000011399
755148 9087688051504948 1000011400
83668455766748 755148 1000011399
755148 70785454907248 1000011400
6655804849514948 5268804849514948 1000007733
6655804849514948 4951675148 1000007984
6655804849514948 55908888884948 1000009074
6655804849514948 67527288535548 1000009074
5151804849514948 575148 1000011399
575148 5151804849514948 1000011400
8454804849514948 8954804849514948 1000011400
8954804849514948 8454804849514948 1000011399
5155804849514948 8954804849514948 1000011393
83775551549548 80805551549548 1000011400
84825551549548 83775551549548 1000011399
83775551549548 84825551549548 1000011400
80805551549548 83775551549548 1000011399
9087688051504948 5088688051504948 1000011400
9087688051504948 5688688051504948 1000011400
5688688051504948 9087688051504948 1000011399
5088688051504948 9087688051504948 1000011399
72805257806748 83668455766748 1000011399
83668455766748 75678455766748 1000011400
49495395566848 83668455766748 1000011399
75678455766748 83668455766748 1000011399
82807577507448 70785454907248 1000011399
