4870905448 81515495835348 1000007403
81515495835348 4870905448 1000007396
81515495835348 83888667835048 1000007981
748780904948 4870905448 1000007396
905257834948 4870905448 1000007396
4870905448 954870885748 1000007403
4870905448 76716857875048 1000007403
83888667835048 86767181725048 1000009047
76549089535448 83888667835048 1000007981
90747684545548 83888667835048 1000007981
52528375865048 83888667835048 1000007981
57908270675048 905257834948 1000007960
905257834948 57908270675048 1000007980
954870885748 84515249895248 1000007980
84515249895248 954870885748 1000007960
75815455725048 86767181725048 1000009047
86767181725048 50865566515048 1000009051
55505556755048 86767181725048 1000009047
86767181725048 67727655725048 1000009051
50718350895248 76549089535448 1000007960
76549089535448 50718350895248 1000007980
90747684545548 81828189575548 1000007980
81828189575548 90747684545548 1000007960
57908270675048 56885648 1000011386
57908270675048 90567574835148 1000011387
57908270675048 80908270675048 1000011387
80908270675048 57908270675048 1000011390
84515249895248 84557284775148 1000007971
48525249895248 84515249895248 1000011390
84515249895248 48525249895248 1000011387
84515249895248 57547572505248 1000007964
75815455725048 83505455725048 1000011399
83505455725048 75815455725048 1000011400
75815455725048 53674948 1000009041
75815455725048 71578272875448 1000009046
50865566515048 51688372875448 1000009046
51688372875448 50865566515048 1000009043
50865566515048 53674948 1000009041
55505556755048 82505174835048 1000009041
