8170827567494948 8870827567494948 1000011400
8170827567494948 755148 1000011399
5571827567494948 8170827567494948 1000011399
8170827567494948 5571827567494948 1000011400
755148 8170827567494948 1000011400
8870827567494948 5370827567494948 1000011415
5370827567494948 8870827567494948 1000011414
5571827567494948 8870827567494948 1000011393
83775551549548 755148 1000011399
755148 9087688051504948 1000011400
83668455766748 755148 1000011399
755148 70785454907248 1000011400
83577088546648 755148 1000011399
9068827567494948 5370827567494948 1000011400
5370827567494948 535248 1000011414
535248 5370827567494948 1000011415
5370827567494948 9068827567494948 1000011399
5370827567494948 7170827567494948 1000011414
83775551549548 80805551549548 1000011400
84825551549548 83775551549548 1000011399
83775551549548 84825551549548 1000011400
80805551549548 83775551549548 1000011399
83775551549548 95845551549548 1000011400
9087688051504948 5088688051504948 1000011400
9087688051504948 5688688051504948 1000011400
5688688051504948 9087688051504948 1000011399
5088688051504948 9087688051504948 1000011399
72805257806748 83668455766748 1000011399
83668455766748 75678455766748 1000011400
49495395566848 83668455766748 1000011399
75678455766748 83668455766748 1000011399
83668455766748 74728950806748 1000011400
82807577507448 70785454907248 1000011399
70785454907248 82807577507448 1000011400
70487077507448 70785454907248 1000011399
70785454907248 70487077507448 1000011400
55667088546648 83577088546648 1000011399
83577088546648 88577088546648 1000011400
88577088546648 83577088546648 1000011399
