74678870486748 90767653825548 1000007050
90767653825548 55848653805548 1000007069
74678870486748 74956850835548 1000007050
86814949825548 74678870486748 1000007061
52908266805548 55848653805548 1000007069
81717167825548 55848653805548 1000007069
52908266805548 74956850835548 1000007060
74956850835548 52908266805548 1000007057
86814949825548 49824949825548 1000007058
49824949825548 86814949825548 1000007059
52908266805548 82685389815548 1000007060
88905076825548 52908266805548 1000007057
89878289835548 49824949825548 1000007073
53888289835548 49824949825548 1000007073
