51515589665048 66515589665048 1000011387
66515589665048 51515589665048 1000011390
51515589665048 6874525148 1000007971
51515589665048 68575071575048 1000007964
51515589665048 888782535348 1000007960
82839082565548 6874525148 1000007971
53864990845348 6874525148 1000007971
55547056907148 6874525148 1000007971
888782535348 55784948 1000007981
82839082565548 56885648 1000011386
82839082565548 95578780505048 1000007964
82839082565548 48778448505048 1000011389
53864990845348 77907175875248 1000007960
77907175875248 53864990845348 1000007980
53864990845348 56885648 1000011386
55547056907148 56885648 1000011386
55547056907148 86866884775148 1000007971
55547056907148 765248 1000011385
71848674835048 55784948 1000010602
55885257806748 55784948 1000011404
82874948 55784948 1000010602
70668274906748 56885648 1000011386
74957077955448 56885648 1000011386
90777450665348 56885648 1000011386
81805176495248 95578780505048 1000007964
75894952675048 95578780505048 1000007964
83909588755548 95578780505048 1000007964
74537775957148 48778448505048 1000011389
84885751775548 48778448505048 1000011389
74867657565548 48778448505048 1000011389
844850705248 77907175875248 1000008302
77907175875248 56537182884948 1000008320
77907175875248 74907175875248 1000008326
84745483505248 86866884775148 1000007971
67687683487248 86866884775148 1000007971
57674988825248 86866884775148 1000007971
55674876486748 765248 1000011385
89566675828748 765248 1000011385
74666851957148 765248 1000011385
