907686715548 72685574776748 1000009502
907686715548 517786715548 1000007978
907686715548 57774948 1000007981
907686715548 505449524948 1000009497
907686715548 82565767835148 1000007980
6783835548 907686715548 1000009498
51864984528248 57774948 1000007981
515667494948 57774948 1000007981
5378727648 57774948 1000007981
52827284715148 57774948 1000007981
82576772885048 57774948 1000011404
505449524948 6783835548 1000009409
4988745048 505449524948 1000009498
6783835548 505449524948 1000009498
6783835548 505449524948 1000009444
505449524948 4988745048 1000009497
82565767835148 56885648 1000011386
82565767835148 82958284775148 1000007971
67549548 6783835548 1000009497
6783835548 876655954948 1000009457
6849864888484948 6783835548 1000009517
6783835548 7680745248 1000009444
6783835548 765589765048 1000009498
51864984528248 6650544948 1000009497
687674805048 51864984528248 1000010474
51864984528248 82874948 1000009072
825174495048 51864984528248 1000009498
51864984528248 687674805048 1000009509
72754874865748 515667494948 1000007237
87744874865748 515667494948 1000007237
515667494948 68558874907148 1000007980
53754874865748 515667494948 1000007237
68558874907148 515667494948 1000007960
54807867528748 5378727648 1000008774
8152718367494948 5378727648 1000008774
5378727648 72848175908148 1000009501
488755675748 5378727648 1000009498
8277716882494948 5378727648 1000008774
52827284715148 49577284715148 1000009497
