89486853785348 75816670665348 1000011399
75816670665348 89486853785348 1000011400
75816670665348 54716753785348 1000011400
77867682765348 75816670665348 1000011399
75816670665348 84706753785348 1000011400
74887682765348 75816670665348 1000011399
54716753785348 53686753785348 1000011407
53686753785348 54716753785348 1000011412
874948 54716753785348 1000011410
54716753785348 874948 1000010602
84706753785348 53686753785348 1000011407
84706753785348 53686753785348 1000010601
954948 84706753785348 1000011410
84706753785348 954948 1000011404
74716753785348 53686753785348 1000011407
71706753785348 53686753785348 1000010601
53686753785348 66826670665348 1000009041
88716753785348 53686753785348 1000011407
68538381785048 874948 1000011404
874948 71808666904948 1000011410
87728484719048 874948 1000010602
48675766755048 874948 1000011404
954948 90758151688048 1000011410
71838753546648 954948 1000011404
57884970835248 954948 1000010602
95724981678048 954948 1000010602
74716753785348 55784948 1000011404
74716753785348 55784948 1000010602
55784948 74716753785348 1000011410
71777274525448 66826670665348 1000009041
66826670665348 53674948 1000009041
88716753785348 7448 1000010602
7448 88716753785348 1000011410
88716753785348 7448 1000011404
68538381785048 56836781785048 1000011399
68538381785048 80498281785048 1000010601
80498281785048 68538381785048 1000011412
68538381785048 80498281785048 1000011407
71808666904948 55788166904948 1000010601
