747555496848 86678049806748 1000008307
52828676497248 86678049806748 1000007960
52828676497248 56885648 1000011386
70668274906748 56885648 1000011386
70668274906748 9077835348 1000007971
72717881835248 9077835348 1000007971
72717881835248 578870715348 1000007960
578870715348 72665757705048 1000007980
72665757705048 49498782884948 1000007971
49498782884948 95887182884948 1000007965
95887182884948 55497482884948 1000011394
55497482884948 53674948 1000009048
50887082884948 53674948 1000009041
68878272875448 50887082884948 1000009043
72815274675348 68878272875448 1000009046
72815274675348 77495674675348 1000011412
77495674675348 89575274675348 1000010602
89575274675348 52669574755348 1000011412
52669574755348 54834875755348 1000010602
76515375755348 54834875755348 1000011407
74665375755348 76515375755348 1000011405
74665375755348 82515375755348 1000010601
72499549775348 82515375755348 1000011400
51835774675348 72499549775348 1000011399
51835774675348 55575448685348 1000011406
55575448685348 56835774675348 1000011407
56835774675348 56509549775348 1000009041
56509549775348 90499549775348 1000011409
55677850905348 90499549775348 1000009020
55677850905348 55876875755348 1000009022
80876875755348 55876875755348 1000009022
95894970675348 80876875755348 1000008943
95894970675348 52906781715348 1000008943
52906781715348 57544957745248 1000009019
89535148904948 57544957745248 1000011400
90688054845048 89535148904948 1000011399
86767181725048 90688054845048 1000009051
75815455725048 86767181725048 1000009047
75815455725048 83505455725048 1000011399
