95894970675348 52906781715348 1000008943
95894970675348 68846875755348 1000008943
52906781715348 57544957745248 1000009019
52906781715348 67725274675348 1000009022
68846875755348 52846875755348 1000009022
74894970675348 68846875755348 1000011400
89535148904948 57544957745248 1000011400
66717850905348 57544957745248 1000009019
67725274675348 72499549775348 1000011399
72499549775348 67725274675348 1000011400
52846875755348 53674948 1000009041
68487075755348 52846875755348 1000011404
74894970675348 50845774675348 1000011400
74894970675348 84725274675348 1000011400
90688054845048 89535148904948 1000011399
89535148904948 95665287777248 1000011400
66717850905348 80888778895548 1000007953
90499549775348 66717850905348 1000008943
51835774675348 72499549775348 1000011399
72499549775348 55677850905348 1000011400
50887082884948 53674948 1000009041
67527288535548 53674948 1000010601
68487075755348 55876875755348 1000011407
55876875755348 68487075755348 1000011412
50845774675348 89534957745248 1000009019
50845774675348 56835774675348 1000009022
84725274675348 89534957745248 1000009019
86767181725048 90688054845048 1000009051
54545148904948 90688054845048 1000011394
95665287777248 83524948 1000008933
95665287777248 87538875825748 1000008933
80888778895548 78715748 1000011386
80888778895548 71527148 1000011388
55677850905348 90499549775348 1000009020
78519549775348 90499549775348 1000009020
51835774675348 55575448685348 1000011406
51835774675348 56835774675348 1000010602
55677850905348 55876875755348 1000009022
55677850905348 89534957745248 1000009019
