7448 74525266535048 1000011410
74525266535048 7448 1000010602
74525266535048 80515266535048 1000010601
80515266535048 74525266535048 1000011412
7448 68835267685248 1000011410
7448 75535249765248 1000011410
57815484785348 7448 1000011404
89547084725048 7448 1000011404
86767181725048 80515266535048 1000009051
89545466535048 80515266535048 1000010601
80515266535048 70545466535048 1000011412
70498355715048 80515266535048 1000010601
89535148904948 68835267685248 1000011400
68835267685248 81555167685248 1000010601
68835267685248 81555167685248 1000011407
68835267685248 89535148904948 1000011399
877867837448 75535249765248 1000011412
75535249765248 89535148904948 1000011399
75535249765248 877867837448 1000010601
89535148904948 75535249765248 1000011400
57815484785348 66825384785348 1000011407
66825384785348 57815484785348 1000011412
57815484785348 66825384785348 1000010601
57815484785348 89535148904948 1000011399
89547084725048 80705148 1000011407
89535148904948 89547084725048 1000011400
80705148 89547084725048 1000011412
89547084725048 80705148 1000010601
75815455725048 86767181725048 1000009047
86767181725048 50865566515048 1000009051
55505556755048 86767181725048 1000009047
86767181725048 67727655725048 1000009051
89545466535048 89535148904948 1000011399
89535148904948 89545466535048 1000011400
515348 89545466535048 1000011410
89545466535048 515348 1000011404
70545466535048 515348 1000011404
70545466535048 515348 1000010602
515348 70545466535048 1000011410
