55487878876648 81497282725048 1000010476
81497282725048 78815649768048 1000010486
7484815348 55487878876648 1000009509
55487878876648 7484815348 1000010474
78815649768048 785568837448 1000009074
78815649768048 745271837448 1000007981
57845153815348 7484815348 1000010474
7484815348 80907777525448 1000009509
505284955748 785568837448 1000009074
49517888679048 785568837448 1000009074
745271837448 86767181725048 1000009047
83484948 745271837448 1000011394
57845153815348 84868982884948 1000007981
57845153815348 908080905348 1000010468
80907777525448 908080905348 1000010468
708076894948 505284955748 1000010445
505284955748 84868982884948 1000007981
49517888679048 71558874547248 1000009074
49517888679048 90825178537448 1000009074
75815455725048 86767181725048 1000009047
86767181725048 50865566515048 1000009051
72745466535048 83484948 1000009069
57767483785048 83484948 1000011409
88577254715748 84868982884948 1000007981
905272845248 84868982884948 1000007981
70534956717148 908080905348 1000010468
788376845048 908080905348 1000010468
708076894948 54487184874948 1000010445
708076894948 815083705048 1000010445
534868894948 71558874547248 1000009074
5248869570504948 71558874547248 1000009074
82877053828948 90825178537448 1000009074
95718988555048 90825178537448 1000009074
75815455725048 83505455725048 1000011399
83505455725048 75815455725048 1000011400
50865566515048 51688372875448 1000009046
51688372875448 50865566515048 1000009043
74705153725048 72745466535048 1000011415
49757689768448 72745466535048 1000008286
