86724888955048 825048 1000010602
825048 5648 1000011399
828167837448 5648 1000011399
875048 828167837448 1000011410
875048 68844990485348 1000011410
68844990485348 865348 1000010601
76504950756748 865348 1000011404
76504950756748 95678248756748 1000011399
80869549756748 95678248756748 1000011399
80869549756748 83749549756748 1000010601
83749549756748 53674948 1000009041
50887082884948 53674948 1000009041
68878272875448 50887082884948 1000009043
72815274675348 68878272875448 1000009046
72815274675348 77495674675348 1000011412
77495674675348 89575274675348 1000010602
89575274675348 52669574755348 1000011412
52669574755348 54834875755348 1000010602
76515375755348 54834875755348 1000011407
74665375755348 76515375755348 1000011405
74665375755348 82515375755348 1000010601
72499549775348 82515375755348 1000011400
51835774675348 72499549775348 1000011399
51835774675348 55575448685348 1000011406
55575448685348 56835774675348 1000011407
56835774675348 56509549775348 1000009041
56509549775348 90499549775348 1000011409
55677850905348 90499549775348 1000009020
55677850905348 55876875755348 1000009022
80876875755348 55876875755348 1000009022
95894970675348 80876875755348 1000008943
95894970675348 52906781715348 1000008943
52906781715348 57544957745248 1000009019
89535148904948 57544957745248 1000011400
90688054845048 89535148904948 1000011399
86767181725048 90688054845048 1000009051
75815455725048 86767181725048 1000009047
75815455725048 83505455725048 1000011399
54868083785248 83505455725048 1000011399
