49835580495348 89535148904948 1000011399
90688054845048 89535148904948 1000011399
90688054845048 53674948 1000009048
50887082884948 53674948 1000009041
68878272875448 50887082884948 1000009043
72815274675348 68878272875448 1000009046
72815274675348 77495674675348 1000011412
77495674675348 89575274675348 1000010602
89575274675348 52669574755348 1000011412
52669574755348 54834875755348 1000010602
76515375755348 54834875755348 1000011407
74665375755348 76515375755348 1000011405
74665375755348 82515375755348 1000010601
72499549775348 82515375755348 1000011400
51835774675348 72499549775348 1000011399
51835774675348 55575448685348 1000011406
55575448685348 56835774675348 1000011407
56835774675348 56509549775348 1000009041
56509549775348 90499549775348 1000011409
55677850905348 90499549775348 1000009020
55677850905348 55876875755348 1000009022
80876875755348 55876875755348 1000009022
95894970675348 80876875755348 1000008943
95894970675348 52906781715348 1000008943
52906781715348 57544957745248 1000009019
66717850905348 57544957745248 1000009019
66717850905348 80888778895548 1000007953
80888778895548 78715748 1000011386
7554568670504948 78715748 1000011386
5454568670504948 7554568670504948 1000007953
5454568670504948 488167837448 1000009022
958167837448 488167837448 1000010601
958167837448 725048 1000010602
725048 72745168725148 1000011410
72745168725148 7648 1000011407
7648 95545457755348 1000011410
95545457755348 88518956755348 1000011399
88518956755348 55558956755348 1000011400
