77807695815248 6874525148 1000007971
77807695815248 48895648 1000011386
82839082565548 6874525148 1000007971
53864990845348 6874525148 1000007971
70875471505248 48895648 1000011386
72494880705048 48895648 1000011386
82839082565548 56885648 1000011386
82839082565548 95578780505048 1000007964
53864990845348 77907175875248 1000007960
77907175875248 53864990845348 1000007980
70875471505248 80905471505248 1000011387
70875471505248 48778448505048 1000011389
72494880705048 958181817048 1000007960
72494880705048 72568684775148 1000007971
70668274906748 56885648 1000011386
74957077955448 56885648 1000011386
81805176495248 95578780505048 1000007964
75894952675048 95578780505048 1000007964
844850705248 77907175875248 1000008302
77907175875248 56537182884948 1000008320
74537775957148 48778448505048 1000011389
84885751775548 48778448505048 1000011389
958181817048 70488780755048 1000007981
958181817048 8272896848 1000008037
77824875676648 72568684775148 1000007971
50525656505248 72568684775148 1000007971
70668274906748 9077835348 1000007971
70668274906748 765248 1000011385
74957077955448 89685578835148 1000007964
75487177955448 74957077955448 1000009040
67825176495248 81805176495248 1000011390
81805176495248 86866884775148 1000007971
75894952675048 9077835348 1000007971
844850705248 77538274875248 1000008302
50878050815148 844850705248 1000008316
56537182884948 54718776725148 1000008305
86675375875248 56537182884948 1000008320
86537775957148 74537775957148 1000011390
74537775957148 765248 1000011385
