95664989487248 865451497648 1000008288
95664989487248 865451497648 1000008286
49515455725048 865451497648 1000008948
865451497648 66757095725048 1000009055
49515455725048 49785690725048 1000011394
49515455725048 48495678556648 1000008948
66757095725048 48775455755048 1000011394
66757095725048 95665287777248 1000008937
49785690725048 49495395566848 1000011410
67755195566848 49785690725048 1000011404
48495678556648 568948 1000009055
88897066666648 48495678556648 1000011389
48775455755048 86767181725048 1000009047
49757095725048 48775455755048 1000011400
95665287777248 83524948 1000008933
95665287777248 87538875825748 1000008933
83668455766748 49495395566848 1000011400
49495395566848 83668455766748 1000011399
83668455766748 67755195566848 1000011400
67755195566848 83668455766748 1000011399
57565172668748 568948 1000011409
568948 57577266775648 1000011394
88897066666648 50715748 1000011386
88897066666648 71527148 1000011388
75815455725048 86767181725048 1000009047
86767181725048 50865566515048 1000009051
49757095725048 87705156755048 1000011400
49757095725048 83757866755048 1000011400
83524948 86507278875148 1000008948
86507278875148 83524948 1000009055
87538875825748 68538875825748 1000011399
87538875825748 74538875825748 1000011393
72805257806748 83668455766748 1000011399
83668455766748 755148 1000011399
57565172668748 57848882748748 1000011399
57565172668748 89565172668748 1000011410
57577266775648 74867266775648 1000011410
57577266775648 81806777786648 1000011410
87818682665348 50715748 1000011386
