86486795517448 86828682884948 1000007981
86486795517448 555350824948 1000008069
555350824948 86486795517448 1000008074
71558281505048 86828682884948 1000011404
71907570905548 86828682884948 1000010602
56558848765048 86828682884948 1000007981
68955778865548 555350824948 1000007237
74718495675548 555350824948 1000007237
805086815648 555350824948 1000008069
71788081505048 71558281505048 1000011400
71558281505048 83548281505048 1000010601
71558281505048 83548281505048 1000011407
70768772895548 71907570905548 1000011400
71907570905548 70768772895548 1000011399
80755548765048 56558848765048 1000008041
88507148765048 56558848765048 1000008039
88507148765048 56558848765048 1000008041
68955778865548 95728648505048 1000007237
68955778865548 9577775048 1000007237
68955778865548 5353825148 1000007237
74718495675548 5548815448 1000007237
74718495675548 807875745048 1000007237
74718495675548 747175904948 1000007237
67708281505048 71788081505048 1000011399
52718281505048 71788081505048 1000011399
71788081505048 82898081505048 1000011400
82788081505048 83548281505048 1000011394
88897850535048 83548281505048 1000010601
51887850535048 83548281505048 1000011407
70768772895548 48808772895548 1000011400
57825468905548 70768772895548 1000011399
86898249955548 70768772895548 1000011399
80755548765048 70488780755048 1000007981
88507148765048 70488780755048 1000007981
95728648505048 70488780755048 1000007981
95728648505048 8272896848 1000008037
72754874865748 95728648505048 1000007237
9577775048 4855535248 1000009644
9577775048 4855535248 1000009645
