76558283495348 83537682495348 1000011404
83537682495348 56827482495348 1000011399
51838283495348 83537682495348 1000011404
53539582495348 83537682495348 1000011404
77894884495348 83537682495348 1000010602
76558283495348 67708183495348 1000010601
76558283495348 74819083495348 1000010418
56827482495348 76558283495348 1000011400
76558283495348 74819083495348 1000011406
74819083495348 76558283495348 1000011405
56827482495348 53559582495348 1000011400
56827482495348 90518283495348 1000011400
56827482495348 67488383495348 1000011400
56827482495348 86547682495348 1000011400
51898283495348 56827482495348 1000011399
51838283495348 72668283495348 1000010601
51838283495348 72668283495348 1000011407
51838283495348 51898283495348 1000010418
51898283495348 51838283495348 1000011405
72668283495348 51838283495348 1000011412
53539582495348 67488383495348 1000010418
53539582495348 67887482495348 1000010601
53539582495348 67887482495348 1000011407
67488383495348 53539582495348 1000011405
67887482495348 53539582495348 1000011412
77894884495348 51564984495348 1000011406
67887482495348 77894884495348 1000011412
77894884495348 51564984495348 1000010418
51564984495348 77894884495348 1000011405
77894884495348 67887482495348 1000011407
67708183495348 49848283495348 1000011410
67708183495348 90518283495348 1000011412
57538283495348 67708183495348 1000010601
67708183495348 82827482495348 1000011409
48878283495348 67708183495348 1000010602
67887482495348 90518283495348 1000011410
90518283495348 67887482495348 1000010602
49848283495348 90518283495348 1000011405
90518283495348 67887482495348 1000011404
