48958055805248 564871837448 1000009020
48958055805248 82868880895248 1000007953
709570837448 48958055805248 1000011400
48958055805248 56525476755048 1000009022
564871837448 83907049667248 1000011394
54845553877148 564871837448 1000011409
564871837448 52557082496748 1000008943
564871837448 71758180707148 1000011394
82868880895248 78715748 1000011386
82868880895248 71527148 1000011388
709570837448 67728372756748 1000011400
67728372756748 709570837448 1000011399
81886871485548 709570837448 1000011399
709570837448 575148 1000011399
56525476755048 66827681785048 1000011409
56525476755048 84728681785048 1000008930
72728272875448 56525476755048 1000009043
56525476755048 86767181725048 1000009047
83907049667248 68517149667248 1000011412
68517149667248 83907049667248 1000011407
83907049667248 95907049667248 1000011410
83907049667248 959570837448 1000011399
54845553877148 959570837448 1000011399
54865553877148 54845553877148 1000011407
54845553877148 70845553877148 1000011410
54845553877148 54865553877148 1000011412
52557082496748 89534957745248 1000009019
52557082496748 959570837448 1000011399
959570837448 52557082496748 1000011400
52557082496748 89547082496748 1000009022
71758180707148 53674948 1000009041
71758180707148 48768180707148 1000011412
71758180707148 959570837448 1000011399
48768180707148 71758180707148 1000011407
7554568670504948 78715748 1000011386
50958081766748 78715748 1000011386
78549588527848 78715748 1000011386
53575089665348 78715748 1000011386
66705275715348 71527148 1000011388
