54507888725248 54497888725248 1000011407
81507888725248 54497888725248 1000010601
68538875825748 81507888725248 1000011400
68538875825748 71507888725248 1000011400
71507888725248 674948 1000011404
674948 87676848845048 1000011410
95524948 87676848845048 1000011400
95524948 83784866866748 1000011400
70834951846748 83784866866748 1000007978
70834951846748 80904951846748 1000011412
80904951846748 95874948 1000011404
95874948 86875174835048 1000011412
86875174835048 76875174835048 1000011404
76875174835048 49876748845048 1000011412
