88955383505748 82789578719048 1000008957
82789578719048 88955383505748 1000009028
51565649508748 88955383505748 1000009028
88955383505748 4951727655484948 1000008957
56665772958748 88955383505748 1000009028
51565649508748 86485483505748 1000009029
86485483505748 51565649508748 1000008958
48686866908748 86485483505748 1000009029
80817677688048 86485483505748 1000009029
86485483505748 54714878849548 1000008958
67745250909548 54714878849548 1000008954
54714878849548 56905678849548 1000009027
54714878849548 84555081709548 1000009026
74485483505748 67745250909548 1000008959
67745250909548 74485483505748 1000008956
67485483505748 56905678849548 1000008959
56905678849548 84555081709548 1000008955
56905678849548 67485483505748 1000008956
84555081709548 57774948 1000007981
84555081709548 825174495048 1000009497
86667850879548 84555081709548 1000008955
74485483505748 89535148904948 1000011399
74485483505748 75514967829548 1000008959
89535148904948 74485483505748 1000011400
82547872877148 67485483505748 1000008956
67485483505748 70517654897148 1000008959
67485483505748 82788488686648 1000008959
51864984528248 57774948 1000007981
515667494948 57774948 1000007981
5378727648 57774948 1000007981
90577850705248 825174495048 1000009497
825174495048 86869590685248 1000009498
57768190685248 825174495048 1000009497
90688054845048 89535148904948 1000011399
89535148904948 95665287777248 1000011400
89535148904948 755567837448 1000011400
75514967829548 86497482559548 1000008954
86497482559548 75514967829548 1000009027
67745466535048 82547872877148 1000011400
