89848855725348 71527148 1000011388
49508855725348 89848855725348 1000007953
89848855725348 78715748 1000011386
66705275715348 71527148 1000011388
50875175715348 71527148 1000011388
87496787515448 71527148 1000011388
84827788785048 49508855725348 1000011400
49508855725348 84827788785048 1000011399
82827482495348 49508855725348 1000008943
7554568670504948 78715748 1000011386
50958081766748 78715748 1000011386
78549588527848 78715748 1000011386
48705275715348 66705275715348 1000007953
56835175715348 50875175715348 1000007953
87496787515448 50715748 1000011386
84827788785048 68718754725348 1000011400
84827788785048 575148 1000011399
68718754725348 84827788785048 1000011399
82827482495348 49837482495348 1000008936
67708183495348 82827482495348 1000011409
74537682495348 82827482495348 1000011409
5454568670504948 7554568670504948 1000007953
7554568670504948 765248 1000011385
50958081766748 765248 1000011385
50958081766748 51765053905048 1000011389
89549588527848 78549588527848 1000007953
78549588527848 66715372577448 1000011389
78549588527848 765248 1000011385
48705275715348 89534957745248 1000009019
88484875715348 48705275715348 1000008943
78765149685248 48705275715348 1000011400
78765149685248 56835175715348 1000011400
56835175715348 74784968775548 1000009019
56835175715348 88484875715348 1000009020
87818682665348 50715748 1000011386
74894957577448 50715748 1000011386
75818470485248 50715748 1000011386
68718754725348 82718754725348 1000007953
68718754725348 67887482495348 1000009022
