68578351955048 7782777448 1000011408
89785656805248 7782777448 1000011408
66765548775148 7782777448 1000011408
7782777448 8983805248 1000009052
49787677508848 7782777448 1000005046
68578351955048 674948 1000010602
77538351955048 68578351955048 1000011412
68578351955048 674948 1000011404
68578351955048 77538351955048 1000011407
68578351955048 55528351955048 1000011399
89785656805248 674948 1000010602
89785656805248 674948 1000011404
674948 89785656805248 1000011410
66765548775148 75725548775148 1000011407
66765548775148 55528351955048 1000011399
75725548775148 66765548775148 1000011412
55528351955048 66765548775148 1000011400
674948 66765548775148 1000011410
8983805248 5168845348 1000009645
787087765048 8983805248 1000009052
5168845348 8983805248 1000009052
8983805248 957780875048 1000009645
498186535348 8983805248 1000009052
674948 87676848845048 1000011410
84906875755348 674948 1000011404
674948 51746848845048 1000011410
51668656765248 674948 1000011404
674948 90955471535548 1000011410
88775548775148 77538351955048 1000010601
77538351955048 86528951955048 1000011412
49578351955048 77538351955048 1000010601
86528951955048 77538351955048 1000011407
87815653746748 77538351955048 1000009041
55528351955048 70498783785248 1000011400
49865548775148 55528351955048 1000011399
76508783785248 55528351955048 1000011399
68668351955048 55528351955048 1000011399
55528351955048 755148 1000011399
75725548775148 75528351955048 1000011409
