76899080835348 56899080835348 1000011409
56899080835348 76899080835348 1000011394
56899080835348 87809595845348 1000008943
56899080835348 76809595845348 1000011394
87809595845348 76809595845348 1000009022
87809595845348 89534957745248 1000009019
76809595845348 84889080835348 1000011399
76809595845348 53819595845348 1000011412
48705275715348 89534957745248 1000009019
72488783785248 89534957745248 1000009019
53819595845348 84889080835348 1000011399
755148 84889080835348 1000011400
53819595845348 49784948 1000010602
49784948 53819595845348 1000011410
88484875715348 48705275715348 1000008943
78765149685248 48705275715348 1000011400
55528351955048 72488783785248 1000011400
75528351955048 72488783785248 1000008943
83775551549548 755148 1000011399
755148 9087688051504948 1000011400
95515384755248 49784948 1000010602
49784948 72524948 1000011399
56836880827248 88484875715348 1000009055
88484875715348 56836880827248 1000008948
78765149685248 56835175715348 1000011400
575148 78765149685248 1000011400
55528351955048 70498783785248 1000011400
49865548775148 55528351955048 1000011399
75725548775148 75528351955048 1000011409
75528351955048 72569578775248 1000008936
83775551549548 80805551549548 1000011400
84825551549548 83775551549548 1000011399
9087688051504948 5088688051504948 1000011400
9087688051504948 5688688051504948 1000011400
95515384755248 88834948 1000011402
84555788725148 72524948 1000011399
72524948 75526772885048 1000011400
56836880827248 86836880827248 1000011414
48537586827248 56836880827248 1000007960
