5677958174494948 908080905348 1000010468
5677958174494948 84785248 1000009074
5677958174494948 84785248 1000009073
70534956717148 908080905348 1000010468
788376845048 908080905348 1000010468
5475575678504948 908080905348 1000010468
77726877824948 84785248 1000009074
82755248 84785248 1000011412
86515281537248 84785248 1000009073
70534956717148 774986807548 1000007981
9083685048 70534956717148 1000010486
70534956717148 9083685048 1000010476
788376845048 7484815348 1000010440
5475575678504948 6783835548 1000010472
5475575678504948 72787487709048 1000010476
75897548 5475575678504948 1000010486
77726877824948 53667151884948 1000009074
78905752675148 77726877824948 1000008707
545650955048 77726877824948 1000009509
55757788565048 82755248 1000011407
88897671669548 82755248 1000007981
67875568535048 82755248 1000010601
86515281537248 53667151884948 1000009073
86515281537248 7184886848 1000010476
7184886848 86515281537248 1000010486
77815786887248 774986807548 1000007981
774986807548 7687745748 1000009044
685674815448 774986807548 1000007981
74818170875448 9083685048 1000007237
9083685048 55778254705148 1000010486
49788170875448 9083685048 1000007237
57845153815348 7484815348 1000010474
7484815348 80907777525448 1000009509
75744874865748 7484815348 1000007237
67549548 6783835548 1000009497
6783835548 876655954948 1000009457
6783835548 505449524948 1000009444
72787487709048 5574845590504948 1000010417
8670757886504948 72787487709048 1000010476
