56838055908248 88827280895248 1000011415
56838055908248 70837456525248 1000011415
70837456525248 66678168755348 1000007980
66678168755348 55786781505048 1000011389
75665471865248 55786781505048 1000008286
75665471865248 83578280745148 1000008288
83578280745148 86525280755748 1000011414
86525280755748 568490567448 1000011415
568490567448 518948 1000011414
49815148904948 518948 1000011414
49815148904948 535248 1000011414
8250507255484948 535248 1000011414
8250507255484948 575467837448 1000009074
874948 575467837448 1000011410
68538381785048 874948 1000011404
68538381785048 56836781785048 1000011399
56836781785048 95768381785048 1000011400
