95809595505448 77529555685048 1000007964
95809595505448 67717583775148 1000007971
55819595505448 95809595505448 1000011390
95809595505448 55819595505448 1000011387
82757876905348 95809595505448 1000007980
95809595505448 48778448505048 1000011389
53777557786648 67717583775148 1000007971
51547577825248 67717583775148 1000007971
77767067786648 67717583775148 1000007971
81884978835348 67717583775148 1000007971
95507281505348 67717583775148 1000007971
82757876905348 87757876905348 1000007978
82757876905348 4870905448 1000007396
82757876905348 83548874676748 1000007980
83548874676748 82757876905348 1000007960
4870905448 82757876905348 1000007403
74537775957148 48778448505048 1000011389
84885751775548 48778448505048 1000011389
74867657565548 48778448505048 1000011389
86864857765348 48778448505048 1000011389
83909588755548 48778448505048 1000011389
53777557786648 88518954836648 1000007960
70777557786648 53777557786648 1000011390
88518954836648 53777557786648 1000007980
86876648525448 53777557786648 1000007980
53777557786648 89499078505048 1000007964
51547577825248 48717095665148 1000007960
51547577825248 66547577825248 1000011387
51547577825248 67805551665048 1000007964
51547577825248 56885648 1000011386
66547577825248 51547577825248 1000011390
77767067786648 56885648 1000011386
57887252875448 77767067786648 1000007980
77767067786648 57887252875448 1000007960
90884978835348 81884978835348 1000011390
52906651545048 81884978835348 1000007980
689090556748 81884978835348 1000007980
81884978835348 51894978835348 1000007964
81884978835348 689090556748 1000007960
