50525656505248 71525656505248 1000011387
71525656505248 50525656505248 1000011390
50525656505248 84557284775148 1000007971
67718457485648 50525656505248 1000007980
74578371726748 84557284775148 1000007971
89888784906748 84557284775148 1000007971
67718457485648 545650955048 1000010440
67718457485648 908080905348 1000010468
74578371726748 86866884775148 1000007971
74578371726748 95578371726748 1000011387
89888784906748 718677747548 1000007964
89888784906748 86866884775148 1000007971
84545086726648 545650955048 1000007475
545650955048 80708478725348 1000009501
70534956717148 908080905348 1000010468
788376845048 908080905348 1000010468
84745483505248 86866884775148 1000007971
67687683487248 86866884775148 1000007971
55768082835248 718677747548 1000007964
87515752685048 718677747548 1000007964
84545086726648 53878982884948 1000007981
80708478725348 84525777885048 1000007981
80768478725348 80708478725348 1000003613
70534956717148 774986807548 1000007981
9083685048 70534956717148 1000010486
788376845048 7484815348 1000010440
84745483505248 6874525148 1000007971
84745483505248 56885648 1000011386
67687683487248 6874525148 1000007971
67687683487248 82958284775148 1000007971
55768082835248 6874525148 1000007971
55768082835248 56885648 1000011386
87515752685048 50525752685048 1000011387
50525752685048 87515752685048 1000011390
54528751546748 53878982884948 1000007981
90687084725048 53878982884948 1000008278
81758384755248 84525777885048 1000009048
84525777885048 50535777885048 1000011412
80768478725348 77787687545048 1000003614
