774948 82838674715148 1000011410
82838674715148 774948 1000010602
82838674715148 774948 1000011404
774948 75888484905048 1000011410
66906878806748 774948 1000011404
83955048 774948 1000010602
728267837448 774948 1000010602
558170837448 75888484905048 1000011400
75888484905048 558170837448 1000011399
66906878806748 87666878806748 1000011407
87666878806748 66906878806748 1000011412
66906878806748 87666878806748 1000010601
55788452904948 83955048 1000011400
83955048 55788452904948 1000011399
728267837448 488167837448 1000010601
488167837448 728267837448 1000011412
728267837448 5648 1000011399
728267837448 78749575687648 1000011401
75897552955048 558170837448 1000011399
558170837448 83564851955048 1000011400
558170837448 76507757955048 1000011400
53765588755048 558170837448 1000011399
87666878806748 72717178806748 1000011412
87666878806748 78717178806748 1000011412
75828078806748 87666878806748 1000011407
87666878806748 75828078806748 1000011412
55788452904948 84905048 1000011400
50495148 55788452904948 1000011399
55788452904948 84525148 1000011400
55788452904948 78485148 1000011400
958167837448 488167837448 1000010601
49828351805148 488167837448 1000010601
728167837448 488167837448 1000010601
488167837448 828167837448 1000011412
828167837448 5648 1000011399
75828351805148 5648 1000011399
848067837448 5648 1000011399
71825281505048 5648 1000011399
806848 78749575687648 1000011401
