74527178835148 54537855515448 1000011387
54537855515448 74527178835148 1000011390
74527178835148 518895894948 1000007960
74527178835148 89499078505048 1000007964
74527178835148 48778448505048 1000011389
518895894948 57774948 1000007981
6783835548 518895894948 1000009498
518895894948 6783835548 1000009497
53777557786648 89499078505048 1000007964
55757766726848 89499078505048 1000007964
49807057765348 89499078505048 1000007964
74537775957148 48778448505048 1000011389
84885751775548 48778448505048 1000011389
74867657565548 48778448505048 1000011389
51864984528248 57774948 1000007981
515667494948 57774948 1000007981
5378727648 57774948 1000007981
67549548 6783835548 1000009497
6783835548 876655954948 1000009457
6783835548 505449524948 1000009444
53777557786648 88518954836648 1000007960
70777557786648 53777557786648 1000011390
88518954836648 53777557786648 1000007980
55757766726848 765248 1000011385
55757766726848 75757766726848 1000011387
55757766726848 56885648 1000011386
49807057765348 80884882515248 1000007960
80884882515248 49807057765348 1000007980
49807057765348 57807057765348 1000011387
86537775957148 74537775957148 1000011390
74537775957148 765248 1000011385
74537775957148 86537775957148 1000011387
84885751775548 54575175575048 1000007964
867576715448 84885751775548 1000007980
84885751775548 82958284775148 1000007971
74867657565548 95538784775148 1000007971
74867657565548 575787715648 1000007960
74867657565548 56885648 1000011386
51864984528248 6650544948 1000009497
