82768687908148 84664948 1000008278
82768687908148 50845582725048 1000008278
82768687908148 74677084725048 1000007981
84664948 51788381785048 1000011410
84664948 67885053805548 1000011410
74768381785048 84664948 1000011404
84678077517548 50845582725048 1000007981
67567249577848 50845582725048 1000007981
83535155877148 50845582725048 1000007981
5380869070484948 74677084725048 1000007981
82556681678048 74677084725048 1000007981
57728283817648 74677084725048 1000007981
56836781785048 51788381785048 1000011400
51788381785048 56836781785048 1000011399
87865053805548 67885053805548 1000011400
67885053805548 87865053805548 1000011399
67885053805548 53724948 1000011402
74768381785048 56836781785048 1000011399
56836781785048 74768381785048 1000011400
74768381785048 80498281785048 1000010601
5380869070484948 555367837448 1000008278
5380869070484948 53674948 1000008278
82556681678048 57774948 1000008278
57728283817648 82755248 1000008278
68538381785048 56836781785048 1000011399
56836781785048 95768381785048 1000011400
68836781785048 56836781785048 1000011399
76895053805548 87865053805548 1000011399
87865053805548 52895053805548 1000011400
87865053805548 87875053805548 1000011400
86555674816748 53724948 1000009074
53877148809048 53724948 1000009074
53724948 53674948 1000011407
80498281785048 75836781785048 1000011409
88508281785048 80498281785048 1000011407
70558381785048 80498281785048 1000010601
50526651884948 555367837448 1000010601
52668175885048 555367837448 1000011404
555367837448 54545148904948 1000011409
