49788272516748 77868982884948 1000007981
70874870495348 77868982884948 1000007981
70874870495348 8649675548 1000007604
70568170875448 8649675548 1000007237
70568170875448 7654835448 1000007237
7654835448 67764852725048 1000009454
704986865148 67764852725048 1000008705
704986865148 57505176958748 1000008718
57505176958748 897271726748 1000008774
897271726748 5553895448 1000009498
5553895448 67534887665148 1000009074
6650544948 67534887665148 1000009074
77565454825048 6650544948 1000009497
77565454825048 707588745348 1000008411
707588745348 72558852705348 1000008443
72558852705348 76787250894948 1000007981
834986546748 76787250894948 1000007981
834986546748 81768157717848 1000008462
