72878489897648 70537284957448 1000011389
535248 70537284957448 1000011415
70537284957448 535248 1000011414
83878489897648 72878489897648 1000007953
72878489897648 765248 1000011385
72878489897648 71527148 1000011388
535248 88827280895248 1000011415
8250507255484948 535248 1000011414
75865651517448 535248 1000011414
55674876486748 765248 1000011385
89566675828748 765248 1000011385
74666851957148 765248 1000011385
66705275715348 71527148 1000011388
50875175715348 71527148 1000011388
87496787515448 71527148 1000011388
56838055908248 88827280895248 1000011415
88827280895248 86525280755748 1000011414
66678168755348 88827280895248 1000007960
8250507255484948 575467837448 1000009074
8250507255484948 505467837448 1000009074
8250507255484948 875367837448 1000009074
88838381547448 75865651517448 1000011389
55674876486748 78715748 1000011386
55674876486748 568790567448 1000011389
89566675828748 78715748 1000011386
75566675828748 89566675828748 1000007953
74666851957148 48778448505048 1000011389
74666851957148 86666851957148 1000011387
86666851957148 74666851957148 1000011390
66705275715348 78715748 1000011386
48705275715348 66705275715348 1000007953
50875175715348 78715748 1000011386
56835175715348 50875175715348 1000007953
87496787515448 50715748 1000011386
56838055908248 70837456525248 1000011415
95505675487448 56838055908248 1000011414
56838055908248 81837486755248 1000011415
86525280755748 568490567448 1000011415
86525280755748 83958153955048 1000011415
