70878388567848 8077705154494948 1000010357
8077705154494948 70878388567848 1000007668
909584504948 8077705154494948 1000010486
8077705154494948 53724948 1000009072
8077705154494948 7275706881494948 1000010465
875475897148 909584504948 1000010476
909584504948 875475897148 1000010486
909584504948 7070957886484948 1000010486
86555674816748 53724948 1000009074
53877148809048 53724948 1000009074
53724948 53674948 1000011407
72958170875448 875475897148 1000007237
875475897148 867855535048 1000010401
875475897148 488755675748 1000010472
7070957886484948 49775248 1000009074
7070957886484948 56775248 1000009074
7070957886484948 908080905348 1000010468
53574871686848 86555674816748 1000010401
86555674816748 53574871686848 1000010373
86555674816748 5295708066504948 1000007684
53877148809048 50727048809048 1000007455
53877148809048 908080905348 1000010468
53877148809048 4875825148 1000010472
50887082884948 53674948 1000009041
67527288535548 53674948 1000010601
67527288535548 53674948 1000010602
72958170875448 488755675748 1000007237
72958170875448 52807686825748 1000007237
72958170875448 7581547748 1000007237
84567172765148 867855535048 1000007998
867855535048 50845582725048 1000007981
71508751895748 867855535048 1000007998
8982885048 488755675748 1000009497
7671498248 488755675748 1000001130
488755675748 887781957148 1000009498
88867882508648 49775248 1000009073
67705676545048 49775248 1000009074
81894953905048 49775248 1000009074
83557251526748 56775248 1000009073
