75707682875048 77868982884948 1000011404
75707682875048 525395567448 1000011399
75707682875048 77868982884948 1000010602
75707682875048 876868837448 1000011407
876868837448 75707682875048 1000011412
70874870495348 77868982884948 1000007981
67808871875248 77868982884948 1000007981
51958653875248 77868982884948 1000007981
8888675048 77868982884948 1000007981
72847172875248 77868982884948 1000007981
525395567448 54955072575348 1000011400
57578381815148 525395567448 1000011399
705395567448 525395567448 1000011399
80546775755048 525395567448 1000011399
53508066755348 525395567448 1000011399
80546775755048 876868837448 1000010601
88528982884948 876868837448 1000010602
88528982884948 876868837448 1000010601
507068837448 876868837448 1000011407
876868837448 507068837448 1000011412
70874870495348 8649675548 1000007604
8649675548 70874870495348 1000007483
67808871875248 8649675548 1000007604
8649675548 67808871875248 1000007483
51958653875248 7781485548 1000007604
7781485548 51958653875248 1000007483
8888675048 7689885048 1000007596
5372687448 8888675048 1000007598
8888675048 67764852725048 1000007600
8888675048 8976876848 1000007459
7689885048 8888675048 1000007455
72847172875248 7781485548 1000007604
7781485548 72847172875248 1000007483
87578381815148 57578381815148 1000010601
52668381815148 57578381815148 1000010601
57578381815148 48578381815148 1000011410
705395567448 57578381815148 1000011394
48678381815148 57578381815148 1000010601
705395567448 82667648904948 1000011394
