57805166776748 52505554535048 1000007981
52505554535048 48758266728248 1000009048
52505554535048 86767181725048 1000009047
7166716868494948 52505554535048 1000010602
52505554535048 53674948 1000009048
7166716868494948 52505554535048 1000011404
83888667835048 48758266728248 1000009048
49519080725048 48758266728248 1000009048
49867555725048 48758266728248 1000009048
82505174835048 48758266728248 1000009048
52774949904948 48758266728248 1000009048
75815455725048 86767181725048 1000009047
86767181725048 50865566515048 1000009051
55505556755048 86767181725048 1000009047
86767181725048 67727655725048 1000009051
86767181725048 82755248 1000009051
7166716868494948 5486815252494948 1000011399
7166716868494948 7577706868494948 1000011407
5486815252494948 7166716868494948 1000011400
7166716868494948 7577706868494948 1000010601
7577706868494948 7166716868494948 1000011412
50887082884948 53674948 1000009041
67527288535548 53674948 1000010601
67527288535548 53674948 1000010602
53724948 53674948 1000011407
68875466785248 53674948 1000009048
76549089535448 83888667835048 1000007981
90747684545548 83888667835048 1000007981
52528375865048 83888667835048 1000007981
577471755348 83888667835048 1000007981
90687084725048 83888667835048 1000008278
52559583665148 49519080725048 1000011404
514880745448 49519080725048 1000007981
898448905448 49519080725048 1000007981
75526772885048 49519080725048 1000009041
90768372875048 49519080725048 1000009048
87877555725048 49867555725048 1000010601
50515253815148 49867555725048 1000008283
8284528950484948 49867555725048 1000007981
