48705275715348 89534957745248 1000009019
72488783785248 89534957745248 1000009019
83515188865448 89534957745248 1000009019
54825274675348 89534957745248 1000009019
70816883785248 89534957745248 1000009019
88484875715348 48705275715348 1000008943
78765149685248 48705275715348 1000011400
48705275715348 66705275715348 1000007953
48705275715348 88484875715348 1000009020
48705275715348 78765149685248 1000011399
55528351955048 72488783785248 1000011400
75528351955048 72488783785248 1000008943
72488783785248 55528351955048 1000011399
72488783785248 75528351955048 1000009020
54825274675348 95894970675348 1000009020
74894970675348 54825274675348 1000011400
54825274675348 72815274675348 1000009022
95894970675348 54825274675348 1000008943
54825274675348 74894970675348 1000011399
70816883785248 568948 1000009020
70816883785248 958848 1000011399
70816883785248 82545654535048 1000009022
958848 70816883785248 1000011400
56836880827248 88484875715348 1000009055
88484875715348 56836880827248 1000008948
82747855517248 88484875715348 1000008001
88484875715348 76494974757148 1000008948
76494974757148 88484875715348 1000009055
78765149685248 56835175715348 1000011400
575148 78765149685248 1000011400
78765149685248 83875175715348 1000011400
78765149685248 67485275715348 1000011400
56725275715348 78765149685248 1000011399
66705275715348 71527148 1000011388
66705275715348 78715748 1000011386
55528351955048 70498783785248 1000011400
49865548775148 55528351955048 1000011399
76508783785248 55528351955048 1000011399
68668351955048 55528351955048 1000011399
