72707686485248 52837078485248 1000011407
48676675485248 72707686485248 1000011400
52837078485248 53674948 1000009041
88687686485248 52837078485248 1000011407
54676675485248 48676675485248 1000011399
755148 48676675485248 1000011400
50887082884948 53674948 1000009041
67527288535548 53674948 1000010601
88687686485248 724948 1000011404
88687686485248 724948 1000010602
76676675485248 54676675485248 1000011393
83775551549548 755148 1000011399
755148 9087688051504948 1000011400
68878272875448 50887082884948 1000009043
81547082884948 50887082884948 1000011394
8453865578504948 67527288535548 1000009074
5489508072504948 67527288535548 1000009073
51875257806748 724948 1000010602
51547068558048 724948 1000011404
83775551549548 80805551549548 1000011400
84825551549548 83775551549548 1000011399
9087688051504948 5088688051504948 1000011400
9087688051504948 5688688051504948 1000011400
72815274675348 68878272875448 1000009046
67887482495348 68878272875448 1000009046
80807082884948 81547082884948 1000011409
81547082884948 80807082884948 1000011394
8453865578504948 95844948 1000009074
8453865578504948 78578874547248 1000009074
5489508072504948 78578874547248 1000009072
5489508072504948 89665752676748 1000009072
51875257806748 51497871766748 1000011407
51875257806748 83668455766748 1000011399
83788150668248 51547068558048 1000009074
5654808256484948 51547068558048 1000009074
84825551549548 53707870879048 1000011387
84825551549548 765448 1000009074
5688688051504948 5088688051504948 1000011393
72815274675348 77495674675348 1000011412
