81876789528448 86525280755748 1000011414
535248 81876789528448 1000011415
86525280755748 568490567448 1000011415
86525280755748 83958153955048 1000011415
535248 88827280895248 1000011415
8250507255484948 535248 1000011414
568490567448 518948 1000011414
86507278875148 568490567448 1000009070
56838055908248 83958153955048 1000011415
83958153955048 66678168755348 1000007980
56838055908248 88827280895248 1000011415
66678168755348 88827280895248 1000007960
8250507255484948 575467837448 1000009074
8250507255484948 505467837448 1000009074
49815148904948 518948 1000011414
72745466535048 518948 1000011414
86507278875148 83524948 1000009055
83524948 86507278875148 1000008948
56838055908248 70837456525248 1000011415
95505675487448 56838055908248 1000011414
66678168755348 55786781505048 1000011389
665348 66678168755348 1000007980
874948 575467837448 1000011410
49827188789048 575467837448 1000009074
49827188789048 505467837448 1000009074
5187705150504948 505467837448 1000009074
72745466535048 83484948 1000009069
74705153725048 72745466535048 1000011415
95665287777248 83524948 1000008933
72524948 83524948 1000011400
705148 70837456525248 1000011415
70837456525248 705148 1000011414
75665471865248 55786781505048 1000008286
90727674555248 55786781505048 1000008286
81507484725048 665348 1000009053
74705153725048 665348 1000011415
68538381785048 874948 1000011404
874948 71808666904948 1000011410
49827188789048 95565466535048 1000009074
