70704948 958848 1000011399
958848 70704948 1000011400
70704948 865348 1000010602
95788375785648 958848 1000011399
958848 55768978666648 1000011400
50828375785648 958848 1000011399
76504950756748 865348 1000011404
865348 76504950756748 1000011410
865348 68844990485348 1000011412
95788375785648 568948 1000009020
95788375785648 83788375785648 1000009022
568948 95788375785648 1000008943
55768978666648 95725168725148 1000011404
55768978666648 83788375785648 1000011407
55768978666648 87758978666648 1000011403
83788375785648 50828375785648 1000007978
76504950756748 95678248756748 1000011399
83749549756748 76504950756748 1000011412
76504950756748 83749549756748 1000010601
5648 68844990485348 1000011400
875048 68844990485348 1000011410
68844990485348 5648 1000011399
57565172668748 568948 1000011409
568948 57577266775648 1000011394
568948 86775068757148 1000008948
83788375785648 53525181865748 1000011412
78788788785648 83788375785648 1000011407
53525181865748 83788375785648 1000010601
49845387485248 95725168725148 1000010602
68755168725148 95725168725148 1000010602
95725168725148 88517789865548 1000011410
55758978666648 87758978666648 1000011400
87758978666648 55758978666648 1000011399
80869549756748 95678248756748 1000011399
48778849756748 95678248756748 1000011399
81568448756748 95678248756748 1000011399
83749549756748 53674948 1000009041
80869549756748 83749549756748 1000010601
83749549756748 71688248756748 1000011409
