71837571669548 51497888895048 1000007737
74837571669548 71837571669548 1000010466
71837571669548 49746870669548 1000007735
49746870669548 71837571669548 1000007733
74837571669548 82755248 1000007981
83955772669548 49746870669548 1000007984
5557875672504948 49746870669548 1000007735
78575672669548 49746870669548 1000007984
49746870669548 51844895665348 1000007984
55757788565048 82755248 1000011407
88897671669548 82755248 1000007981
67875568535048 82755248 1000010601
66728448505048 82755248 1000009048
5557875672504948 8190865672504948 1000007736
8190865672504948 5557875672504948 1000010466
5557875672504948 84765586715148 1000007737
84765586715148 5557875672504948 1000007753
784880784948 51844895665348 1000008074
66895275675348 51844895665348 1000007998
84688466726748 51844895665348 1000007998
51844895665348 66895275675348 1000007988
6867745150494948 55757788565048 1000009074
755151664948 55757788565048 1000009073
6675764971484948 55757788565048 1000009073
7782769068494948 55757788565048 1000009074
86897671669548 88897671669548 1000007736
88897671669548 4875825148 1000010472
88897671669548 86558976669548 1000010475
88897671669548 4853755148 1000010470
95789071804948 67875568535048 1000009074
67875568535048 674948 1000010602
834956724948 67875568535048 1000009073
755151664948 67875568535048 1000009073
86767181725048 66728448505048 1000009051
77527774835048 66728448505048 1000009059
66728448505048 53674948 1000009041
66728448505048 86767181725048 1000009047
84765586715148 8190865672504948 1000010486
8190865672504948 67764852725048 1000010470
