49517888679048 71558874547248 1000009074
49517888679048 785568837448 1000009074
49517888679048 81497282725048 1000010476
49517888679048 90825178537448 1000009074
534868894948 71558874547248 1000009074
5248869570504948 71558874547248 1000009074
70526676897148 71558874547248 1000009073
49508895707848 71558874547248 1000009074
505284955748 785568837448 1000009074
4976664849494948 785568837448 1000009074
768272714948 785568837448 1000009074
7567898690504948 785568837448 1000009074
55487878876648 81497282725048 1000010476
81497282725048 78815649768048 1000010486
75728275528648 81497282725048 1000010476
758148575748 81497282725048 1000010476
82877053828948 90825178537448 1000009074
95718988555048 90825178537448 1000009074
88785789808948 90825178537448 1000009074
8453865578504948 90825178537448 1000009074
534868894948 57538874547248 1000009074
5248869570504948 48905555955048 1000009074
5248869570504948 955648 1000009074
5248869570504948 6648 1000009074
5248869570504948 665448 1000009074
70526676897148 77778384755248 1000009073
72888257727548 70526676897148 1000008772
70526676897148 68535777885048 1000009073
70526676897148 8977788248 1000011154
49508895707848 49559552488848 1000008697
49559552488848 49508895707848 1000008752
49508895707848 80535476755048 1000007981
708076894948 505284955748 1000010445
505284955748 84868982884948 1000007981
505284955748 84785248 1000009074
5068666748 505284955748 1000010486
4976664849494948 7883905048 1000010468
4976664849494948 49775248 1000009073
4976664849494948 53667151884948 1000009073
