90675049765048 95558648765048 1000008275
757654885248 95558648765048 1000008039
757654885248 95558648765048 1000008041
95558648765048 86828682884948 1000007981
757654885248 827654885248 1000007978
757654885248 83554948765048 1000008038
757654885248 887672885548 1000008037
757654885248 48747453705048 1000007980
757654885248 555054765048 1000008035
71558281505048 86828682884948 1000011404
71907570905548 86828682884948 1000010602
56558848765048 86828682884948 1000007981
86828682884948 53674948 1000009048
957253895248 86828682884948 1000007981
887672885548 9576665349514948 1000005536
887672885548 498149715648 1000008042
685572504948 887672885548 1000008037
887672885548 95728648505048 1000008042
887672885548 685572504948 1000008042
48747453705048 81875648 1000011386
48747453705048 68747453705048 1000007964
55747453705048 48747453705048 1000011390
48747453705048 9077835348 1000007971
48747453705048 55747453705048 1000011387
8080527448 555054765048 1000008035
555054765048 70828448765048 1000008039
555054765048 725054765048 1000007978
555054765048 8272896848 1000008037
555054765048 70488780755048 1000007981
71788081505048 71558281505048 1000011400
71558281505048 83548281505048 1000010601
71558281505048 83548281505048 1000011407
71558281505048 71788081505048 1000011399
83548281505048 71558281505048 1000011412
70768772895548 71907570905548 1000011400
71907570905548 70768772895548 1000011399
80755548765048 56558848765048 1000008041
88507148765048 56558848765048 1000008039
88507148765048 56558848765048 1000008041
