54748075757148 80668075757148 1000011399
80668075757148 52678075757148 1000011400
76778075757148 80668075757148 1000011399
80668075757148 54748075757148 1000011400
54748075757148 89534957745248 1000009019
54748075757148 52678075757148 1000009020
52678075757148 54748075757148 1000008943
52838353676848 52678075757148 1000011409
52678075757148 83517281547448 1000008943
52678075757148 74517281547448 1000011394
52678075757148 71678075757148 1000011394
76778075757148 71678075757148 1000009041
51838075757148 76778075757148 1000009041
76778075757148 53674948 1000009041
48705275715348 89534957745248 1000009019
72488783785248 89534957745248 1000009019
83515188865448 89534957745248 1000009019
54825274675348 89534957745248 1000009019
71958353676848 52838353676848 1000011407
72485754776748 52838353676848 1000011400
52838353676848 72485754776748 1000011399
71958353676848 52838353676848 1000010601
83517281547448 74517281547448 1000009022
49577281547448 74517281547448 1000010601
75557281547448 74517281547448 1000011407
74517281547448 49577281547448 1000011412
74517281547448 75557281547448 1000011412
54878075757148 71678075757148 1000009041
51838075757148 71678075757148 1000009041
90868075757148 71678075757148 1000009041
67838075757148 71678075757148 1000009041
51838075757148 53674948 1000009041
51838075757148 54878075757148 1000009041
50887082884948 53674948 1000009041
67527288535548 53674948 1000010601
67527288535548 53674948 1000010602
53724948 53674948 1000011407
88484875715348 48705275715348 1000008943
78765149685248 48705275715348 1000011400
