685080664948 71505782865548 1000007981
685080664948 56708948765048 1000008072
56708948765048 685080664948 1000008064
6883817048 71505782865548 1000007981
576670685048 71505782865548 1000007981
71505782865548 53674948 1000009041
675383507248 71505782865548 1000007981
56708948765048 78668057835248 1000002015
72508995577848 56708948765048 1000008273
528854885148 56708948765048 1000008275
53767048765048 56708948765048 1000008039
6883817048 81867586825048 1000008330
77907175875248 6883817048 1000008321
6883817048 76837650815148 1000008330
6883817048 77907175875248 1000008330
576670685048 77539087884948 1000007988
76778186665148 576670685048 1000010392
576670685048 559549574948 1000007692
576670685048 76778186665148 1000010368
50887082884948 53674948 1000009041
67527288535548 53674948 1000010601
67527288535548 53674948 1000010602
53724948 53674948 1000011407
75905086776748 675383507248 1000007960
675383507248 75905086776748 1000007980
72574948 72508995577848 1000011400
72508995577848 72574948 1000011399
53767048765048 70488780755048 1000007981
81867586825048 70497182884948 1000008329
53747780765248 81867586825048 1000002070
88905674676748 81867586825048 1000007960
82547151815148 81867586825048 1000008275
53864990845348 77907175875248 1000007960
844850705248 77907175875248 1000008302
77907175875248 56537182884948 1000008320
77907175875248 74907175875248 1000008326
55957082884948 76837650815148 1000008305
76837650815148 71878055805248 1000008320
76837650815148 74497174875248 1000002056
8481904948 76837650815148 1000008307
50517466775648 77539087884948 1000007948
77539087884948 50517466775648 1000007995
88498470875448 559549574948 1000007237
53754874865748 559549574948 1000007237
70568170875448 559549574948 1000007237
7175717748 559549574948 1000007692
68878272875448 50887082884948 1000009043
81547082884948 50887082884948 1000011394
50887082884948 70547082884948 1000011399
