52805549865448 5353825148 1000007237
52805549865448 807875745048 1000007237
52805549865448 876778664948 1000007237
52805549865448 5548815448 1000007237
68955778865548 5353825148 1000007237
53754874865748 5353825148 1000007237
70868495675548 5353825148 1000007237
71548270875448 5353825148 1000007237
74718495675548 807875745048 1000007237
66705681908248 807875745048 1000010476
505567837548 807875745048 1000010476
67705676545048 807875745048 1000010476
876778664948 75815052809048 1000011321
876778664948 488755675748 1000011303
876778664948 71788187679048 1000011321
77957682719048 876778664948 1000011300
74718495675548 5548815448 1000007237
86678049806748 5548815448 1000008321
67874955815048 5548815448 1000008321
71508270875448 5548815448 1000007237
68955778865548 555350824948 1000007237
68955778865548 95728648505048 1000007237
68955778865548 9577775048 1000007237
68955778865548 766790575448 1000007237
53754874865748 7687745748 1000007237
53754874865748 57865383535048 1000007237
53754874865748 8984805148 1000007237
53754874865748 704986865148 1000007237
70868495675548 7781485548 1000007237
70868495675548 766790575448 1000007237
70868495675548 7680745248 1000007237
70868495675548 77719088665148 1000007237
71548270875448 4988745048 1000007237
71548270875448 7251496748 1000007237
71548270875448 7888865048 1000007237
71548270875448 766790575448 1000007237
74718495675548 555350824948 1000007237
74718495675548 747175904948 1000007237
74718495675548 7848905448 1000007237
74718495675548 8152845348 1000007237
66705681908248 567295684948 1000010476
66705681908248 56775248 1000009073
66705681908248 84785248 1000009073
66705681908248 908080905348 1000010468
505567837548 84785248 1000009074
505567837548 53667151884948 1000009073
505567837548 53867457545048 1000008601
7184886848 505567837548 1000010486
545650955048 67705676545048 1000009509
