56498088866648 828350885248 1000011279
828350885248 56498088866648 1000011248
828350885248 7150787048 1000010474
828350885248 66778674865348 1000010473
75744874865748 7150787048 1000007237
82725695725448 7150787048 1000007237
66778674865348 49775248 1000009073
66778674865348 908080905348 1000010468
75744874865748 6681566848 1000007237
75744874865748 825787716848 1000007237
82725695725448 7174825248 1000007237
82725695725448 8649555748 1000007237
88867882508648 49775248 1000009073
67705676545048 49775248 1000009074
70534956717148 908080905348 1000010468
788376845048 908080905348 1000010468
6681566848 5068666748 1000010488
55865778865548 6681566848 1000007237
825787716848 665448 1000009074
48497476877148 825787716848 1000008600
55744874865748 7174825248 1000007237
51818170875448 7174825248 1000007237
717275825048 8649555748 1000005551
8649555748 829051744948 1000008861
88867882508648 56775248 1000009073
88867882508648 78847267954948 1000009072
545650955048 67705676545048 1000009509
67705676545048 488755675748 1000010472
70534956717148 774986807548 1000007981
9083685048 70534956717148 1000010486
788376845048 7484815348 1000010440
758148575748 5068666748 1000010476
75897548 5068666748 1000010488
55865778865548 90567548 1000007237
55865778865548 897271726748 1000007237
54895066755248 665448 1000011402
57757190879548 665448 1000009074
78747476877148 48497476877148 1000007960
48497476877148 77717755717148 1000000696
55744874865748 488755675748 1000007237
55744874865748 7581547748 1000007237
51818170875448 6882825248 1000007237
51818170875448 488755675748 1000007237
717275825048 48908757885548 1000008858
717275825048 68568857885548 1000008858
95575083525248 829051744948 1000007960
87744874865748 829051744948 1000007237
83557251526748 56775248 1000009073
7070957886484948 56775248 1000009074
