48875182676748 52517056665048 1000007964
48875182676748 955251875048 1000007960
72515581505048 955251875048 1000009056
72515581505048 7177687148 1000009064
55567656505548 72515581505048 1000011389
7177687148 488755675748 1000009497
7177687148 57774948 1000007981
55567656505548 71527148 1000011388
55567656505548 78715748 1000011386
8982885048 488755675748 1000009497
7671498248 488755675748 1000001130
51864984528248 57774948 1000007981
515667494948 57774948 1000007981
66705275715348 71527148 1000011388
50875175715348 71527148 1000011388
7554568670504948 78715748 1000011386
50958081766748 78715748 1000011386
8982885048 72887183565248 1000009498
84754874865748 8982885048 1000007237
7671498248 7895528767484948 1000009501
537489745448 7671498248 1000008749
51864984528248 6650544948 1000009497
687674805048 51864984528248 1000010474
72754874865748 515667494948 1000007237
87744874865748 515667494948 1000007237
48705275715348 66705275715348 1000007953
56835175715348 50875175715348 1000007953
5454568670504948 7554568670504948 1000007953
7554568670504948 765248 1000011385
50958081766748 765248 1000011385
50958081766748 51765053905048 1000011389
72887183565248 83577790904948 1000009497
956881565748 72887183565248 1000009497
84754874865748 8148485448 1000007237
84754874865748 8155784948 1000007237
7895528767484948 87778384755248 1000009073
7895528767484948 50535777885048 1000009073
77565454825048 6650544948 1000009497
6650544948 67534887665148 1000009074
687674805048 75835195776648 1000010465
7457907071484948 687674805048 1000009196
72754874865748 6648784948 1000007237
72754874865748 4966835348 1000007237
87744874865748 4966835348 1000007237
87744874865748 8066485448 1000007237
48705275715348 89534957745248 1000009019
88484875715348 48705275715348 1000008943
78765149685248 56835175715348 1000011400
56835175715348 74784968775548 1000009019
