48875182676748 52517056665048 1000007964
48875182676748 955251875048 1000007960
48875182676748 66875182676748 1000011387
66875182676748 48875182676748 1000011390
48875182676748 765248 1000011385
72515581505048 955251875048 1000009056
55674876486748 765248 1000011385
89566675828748 765248 1000011385
74666851957148 765248 1000011385
77525756879048 765248 1000011385
72515581505048 7177687148 1000009064
55567656505548 72515581505048 1000011389
72515581505048 70527457845048 1000009061
54769578535448 72515581505048 1000011389
55674876486748 78715748 1000011386
55674876486748 568790567448 1000011389
55674876486748 71527148 1000011388
89566675828748 71527148 1000011388
89566675828748 78715748 1000011386
75566675828748 89566675828748 1000007953
74666851957148 48778448505048 1000011389
74666851957148 86666851957148 1000011387
86666851957148 74666851957148 1000011390
74666851957148 95538784775148 1000007971
67955656879048 77525756879048 1000007953
77525756879048 72769555879048 1000011389
77525756879048 78715748 1000011386
77525756879048 71527148 1000011388
7177687148 488755675748 1000009497
7177687148 57774948 1000007981
488755675748 7177687148 1000009498
7177687148 87805653817048 1000009498
55567656505548 71527148 1000011388
55567656505548 78715748 1000011386
55876666785048 70527457845048 1000009061
70527457845048 53674948 1000008979
70527457845048 55876666785048 1000008977
54769578535448 50715748 1000011386
54769578535448 71527148 1000011388
7554568670504948 78715748 1000011386
50958081766748 78715748 1000011386
78549588527848 78715748 1000011386
53575089665348 78715748 1000011386
75565352745548 568790567448 1000011389
568790567448 51727655725048 1000009055
83484948 568790567448 1000008948
568790567448 8068905348 1000009058
66705275715348 71527148 1000011388
50875175715348 71527148 1000011388
