89565172668748 57848882748748 1000011399
82534955557448 57848882748748 1000011399
56745572668748 89565172668748 1000011405
89565172668748 56745572668748 1000011406
82534955557448 82545654535048 1000011407
82534955557448 958848 1000011401
56745572668748 57565172668748 1000010601
56745572668748 57565172668748 1000011407
50958272875448 82545654535048 1000009043
82545654535048 568948 1000011409
95788375785648 958848 1000011399
958848 55768978666648 1000011400
57565172668748 568948 1000011409
568948 57565172668748 1000011394
50958272875448 52705050565248 1000009043
77535555955048 50958272875448 1000009046
568948 57577266775648 1000011394
568948 86775068757148 1000008948
95788375785648 83788375785648 1000009022
95788375785648 89534957745248 1000009019
55768978666648 95725168725148 1000011404
55768978666648 83788375785648 1000011407
52705050565248 82837476884948 1000009041
71785177535248 52705050565248 1000011394
57774948 77535555955048 1000009041
77535555955048 53674948 1000009048
57577266775648 74867266775648 1000011410
57577266775648 81806777786648 1000011410
86775068757148 81508871757148 1000011414
86775068757148 50785068757148 1000011414
83788375785648 53525181865748 1000011412
78788788785648 83788375785648 1000011407
48705275715348 89534957745248 1000009019
72488783785248 89534957745248 1000009019
49845387485248 95725168725148 1000010602
68755168725148 95725168725148 1000010602
504987887148 82837476884948 1000007981
5188555048 82837476884948 1000008952
71785177535248 50827571885248 1000008943
71785177535248 72728048685248 1000011394
51864984528248 57774948 1000007981
515667494948 57774948 1000007981
50887082884948 53674948 1000009041
67527288535548 53674948 1000010601
74867266775648 525584807548 1000010601
74867266775648 51817266775648 1000011406
76508871757148 81508871757148 1000011400
88508871757148 81508871757148 1000011393
50785068757148 575148 1000011399
