86896677715148 49846677715148 1000011399
67846677715148 49846677715148 1000011399
67896677715148 67846677715148 1000011409
76896677715148 67896677715148 1000010601
76896677715148 77664948 1000011404
77664948 81838753546648 1000011410
81838753546648 80828753546648 1000010601
71848753546648 80828753546648 1000010601
71848753546648 53674948 1000011404
50887082884948 53674948 1000009041
68878272875448 50887082884948 1000009043
72815274675348 68878272875448 1000009046
72815274675348 77495674675348 1000011412
77495674675348 89575274675348 1000010602
89575274675348 52669574755348 1000011412
52669574755348 54834875755348 1000010602
76515375755348 54834875755348 1000011407
74665375755348 76515375755348 1000011405
74665375755348 82515375755348 1000010601
72499549775348 82515375755348 1000011400
51835774675348 72499549775348 1000011399
51835774675348 55575448685348 1000011406
55575448685348 56835774675348 1000011407
56835774675348 56509549775348 1000009041
56509549775348 90499549775348 1000011409
55677850905348 90499549775348 1000009020
55677850905348 55876875755348 1000009022
80876875755348 55876875755348 1000009022
95894970675348 80876875755348 1000008943
95894970675348 52906781715348 1000008943
52906781715348 57544957745248 1000009019
89535148904948 57544957745248 1000011400
90688054845048 89535148904948 1000011399
86767181725048 90688054845048 1000009051
75815455725048 86767181725048 1000009047
75815455725048 83505455725048 1000011399
54868083785248 83505455725048 1000011399
54868083785248 89534957745248 1000009019
48705275715348 89534957745248 1000009019
88484875715348 48705275715348 1000008943
56836880827248 88484875715348 1000009055
56836880827248 86836880827248 1000011414
86836880827248 575148 1000011399
54538089899548 575148 1000011399
89528089899548 54538089899548 1000011414
535248 89528089899548 1000011415
535248 88827280895248 1000011415
56838055908248 88827280895248 1000011415
56838055908248 70837456525248 1000011415
