76538086525448 50518186525448 1000011400
76548186525448 50518186525448 1000011407
50518186525448 76538086525448 1000011399
71568086525448 76538086525448 1000011399
76538086525448 48708672535448 1000011400
76538086525448 54507472535448 1000011400
76548186525448 725048 1000010602
76548186525448 725048 1000011404
725048 76548186525448 1000011410
56688086525448 71568086525448 1000011407
95747771535548 71568086525448 1000011407
71568086525448 56688086525448 1000011412
48708672535448 48538771535548 1000011412
48538771535548 48708672535448 1000010601
48538771535548 48708672535448 1000011407
54507472535448 66898066535448 1000011407
54507472535448 7448 1000011404
7448 54507472535448 1000011410
725048 72745168725148 1000011410
865548 725048 1000010602
865548 725048 1000010601
56688086525448 7448 1000011404
7448 56688086525448 1000011410
56688086525448 7448 1000010602
7448 68835267685248 1000011410
7448 74525266535048 1000011410
7448 75535249765248 1000011410
72745168725148 7648 1000011407
5648 72745168725148 1000011400
54745168725148 72745168725148 1000010418
54868671568048 865548 1000002471
707148 865548 1000011405
865548 707148 1000011406
89535148904948 68835267685248 1000011400
68835267685248 81555167685248 1000010601
68835267685248 81555167685248 1000011407
74525266535048 80515266535048 1000010601
80515266535048 74525266535048 1000011412
89535148904948 74525266535048 1000011400
877867837448 75535249765248 1000011412
75535249765248 89535148904948 1000011399
75535249765248 877867837448 1000010601
7648 95545457755348 1000011410
50515253815148 7648 1000008283
83745168725148 7648 1000011407
828167837448 5648 1000011399
75828351805148 5648 1000011399
848067837448 5648 1000011399
80508971568048 54745168725148 1000002471
