78728174495248 57748174495248 1000011387
57748174495248 78728174495248 1000011390
78728174495248 56885648 1000011386
78728174495248 6874525148 1000007971
70668274906748 56885648 1000011386
53864990845348 56885648 1000011386
82839082565548 6874525148 1000007971
53864990845348 6874525148 1000007971
70668274906748 9077835348 1000007971
70668274906748 48778448505048 1000011389
53864990845348 77907175875248 1000007960
77907175875248 53864990845348 1000007980
82839082565548 95578780505048 1000007964
82839082565548 48778448505048 1000011389
72717881835248 9077835348 1000007971
51835772676748 9077835348 1000007971
74537775957148 48778448505048 1000011389
84885751775548 48778448505048 1000011389
844850705248 77907175875248 1000008302
77907175875248 56537182884948 1000008320
81805176495248 95578780505048 1000007964
75894952675048 95578780505048 1000007964
72717881835248 578870715348 1000007960
578870715348 72717881835248 1000007980
51835772676748 70835772676748 1000011387
51835772676748 765248 1000011385
86537775957148 74537775957148 1000011390
74537775957148 765248 1000011385
84885751775548 54575175575048 1000007964
867576715448 84885751775548 1000007980
844850705248 77538274875248 1000008302
50878050815148 844850705248 1000008316
56537182884948 54718776725148 1000008305
86675375875248 56537182884948 1000008320
67825176495248 81805176495248 1000011390
81805176495248 86866884775148 1000007971
578870715348 72665757705048 1000007980
90756870555248 578870715348 1000002752
55674876486748 765248 1000011385
89566675828748 765248 1000011385
75905086776748 54575175575048 1000007964
67837075907148 54575175575048 1000007964
867576715448 908080905348 1000010468
70497182884948 77538274875248 1000008310
71957082884948 77538274875248 1000008305
8481904948 50878050815148 1000008307
50878050815148 57665676765248 1000002057
54718776725148 95708276765348 1000007980
54718776725148 70497182884948 1000008329
