52837078485248 83677686485248 1000011412
83677686485248 48676675485248 1000011399
83677686485248 52837078485248 1000010601
48676675485248 83677686485248 1000011400
724948 83677686485248 1000011410
72707686485248 52837078485248 1000011407
52837078485248 53674948 1000009041
88687686485248 52837078485248 1000011407
54707686485248 52837078485248 1000010601
77687686485248 52837078485248 1000011407
54676675485248 48676675485248 1000011399
755148 48676675485248 1000011400
48676675485248 78667686485248 1000011400
48676675485248 72677686485248 1000011400
72707686485248 48676675485248 1000011399
51875257806748 724948 1000010602
51547068558048 724948 1000011404
75785788527148 724948 1000010602
724948 7783868852494948 1000011410
87578381815148 724948 1000011404
50887082884948 53674948 1000009041
67527288535548 53674948 1000010601
67527288535548 53674948 1000010602
53724948 53674948 1000011407
53674948 86767181725048 1000009047
76676675485248 54676675485248 1000011393
83775551549548 755148 1000011399
755148 9087688051504948 1000011400
83668455766748 755148 1000011399
755148 70785454907248 1000011400
83577088546648 755148 1000011399
51875257806748 51497871766748 1000011407
51875257806748 83668455766748 1000011399
51497871766748 51875257806748 1000011412
51875257806748 51497871766748 1000010601
83668455766748 51875257806748 1000011400
83788150668248 51547068558048 1000009074
5654808256484948 51547068558048 1000009074
8652578784484948 51547068558048 1000009074
7075834866484948 51547068558048 1000009074
9567675552494948 51547068558048 1000009074
75785788527148 53755788527148 1000010601
75785788527148 76884848865348 1000011399
76884848865348 75785788527148 1000011400
53755788527148 75785788527148 1000011412
75785788527148 53755788527148 1000011407
7783868852494948 8278868852494948 1000011407
84517182849048 7783868852494948 1000011400
7783868852494948 84517182849048 1000011399
