66665567557248 837088494948 1000004439
66665567557248 84525777885048 1000007981
82665567557248 66665567557248 1000009501
66665567557248 66818270547248 1000011151
66665567557248 82665567557248 1000011154
81758384755248 84525777885048 1000009048
84525777885048 50535777885048 1000011412
84525777885048 53674948 1000009041
84525777885048 68535777885048 1000011412
82665567557248 55784948 1000007981
66818270547248 50885650665348 1000004437
87778384755248 81758384755248 1000011407
81758384755248 83484948 1000011409
7895528767484948 81758384755248 1000007981
66749056908148 81758384755248 1000007981
874948 50535777885048 1000011410
8381568149504948 50535777885048 1000009074
7895528767484948 50535777885048 1000009073
70526676897148 50535777885048 1000009073
50887082884948 53674948 1000009041
67527288535548 53674948 1000010601
67527288535548 53674948 1000010602
53724948 53674948 1000011407
8777767071484948 68535777885048 1000009073
68535777885048 874948 1000011404
68535777885048 874948 1000010602
70526676897148 68535777885048 1000009073
71848674835048 55784948 1000010602
55885257806748 55784948 1000011404
82874948 55784948 1000010602
82874948 55784948 1000010601
7895528767484948 87778384755248 1000009073
874948 87778384755248 1000011410
87778384755248 874948 1000010602
7271767071484948 87778384755248 1000009073
72745466535048 83484948 1000009069
57767483785048 83484948 1000011409
7888865048 83484948 1000008951
83484948 745271837448 1000011394
7895528767484948 71558874547248 1000009073
7895528767484948 77778384755248 1000009073
7671498248 7895528767484948 1000009501
537489745448 7895528767484948 1000008748
53749056908148 66749056908148 1000008772
57579556908148 66749056908148 1000011167
66749056908148 71558874547248 1000009073
66749056908148 57579556908148 1000011153
68538381785048 874948 1000011404
874948 71808666904948 1000011410
