66484954709048 83815248 1000009074
6675764971484948 83815248 1000009073
89535655689048 83815248 1000009074
81725576776648 83815248 1000002841
48727689819548 83815248 1000009074
7849675271484948 6675764971484948 1000007985
6675764971484948 665448 1000009074
6675764971484948 48905555955048 1000009074
6675764971484948 7849675271484948 1000007984
81725576776648 48767780884948 1000002841
81725576776648 49824957905148 1000002841
81725576776648 53667151884948 1000002841
81725576776648 485686807548 1000002841
825787716848 665448 1000009074
54895066755248 665448 1000011402
57757190879548 665448 1000009074
665448 954948 1000010602
48905555955048 515348 1000011407
8686829066504948 48905555955048 1000009074
515348 48905555955048 1000011412
48784857838148 48905555955048 1000009074
54808355545048 48767780884948 1000009073
88865066715748 48767780884948 1000009072
70705681689048 48767780884948 1000009072
48767780884948 874948 1000011404
49824957905148 68824957905148 1000010418
49824957905148 68824957905148 1000011406
49824957905148 55784948 1000011407
54545749687148 49824957905148 1000002474
89849086719048 53667151884948 1000009073
66778674865348 53667151884948 1000009073
505567837548 53667151884948 1000009073
72667151884948 53667151884948 1000011405
52768990829548 485686807548 1000009074
87517268525448 485686807548 1000009023
48497476877148 825787716848 1000008600
75744874865748 825787716848 1000007237
89575751507848 825787716848 1000008600
89496786895748 825787716848 1000007998
54895066755248 954948 1000011404
54895066755248 55557177715148 1000011399
54895066755248 954948 1000010602
55557177715148 54895066755248 1000011400
57757190879548 494986807548 1000007981
95537081879548 57757190879548 1000010222
57757190879548 95537081879548 1000010209
954948 90758151688048 1000011410
71838753546648 954948 1000011404
57884970835248 954948 1000010602
