89547272496748 765248 1000011385
89547272496748 568790567448 1000011389
55674876486748 765248 1000011385
89566675828748 765248 1000011385
75565352745548 568790567448 1000011389
568790567448 51727655725048 1000009055
55674876486748 78715748 1000011386
55674876486748 71527148 1000011388
89566675828748 71527148 1000011388
89566675828748 78715748 1000011386
75565352745548 78715748 1000011386
75565352745548 71527148 1000011388
51727655725048 67727655725048 1000011394
83568086515248 51727655725048 1000011409
7554568670504948 78715748 1000011386
50958081766748 78715748 1000011386
66705275715348 71527148 1000011388
50875175715348 71527148 1000011388
55825180755248 67727655725048 1000011404
80777655725048 67727655725048 1000010602
83568086515248 55728157725248 1000011410
83568086515248 53674948 1000009041
5454568670504948 7554568670504948 1000007953
50958081766748 51765053905048 1000011389
48705275715348 66705275715348 1000007953
56835175715348 50875175715348 1000007953
55825180755248 80777655725048 1000011402
87517268525448 55825180755248 1000009023
72877478806748 80777655725048 1000009074
77678354705248 80777655725048 1000011402
82816688705248 55728157725248 1000011400
55728157725248 82816688705248 1000011399
50887082884948 53674948 1000009041
67527288535548 53674948 1000010601
5454568670504948 488167837448 1000009022
5454568670504948 7875558670504948 1000011399
90544951777148 51765053905048 1000011389
51765053905048 535248 1000011414
48705275715348 89534957745248 1000009019
88484875715348 48705275715348 1000008943
78765149685248 56835175715348 1000011400
56835175715348 74784968775548 1000009019
87517268525448 72575148685248 1000009023
87517268525448 485686807548 1000009023
72877478806748 74769082884948 1000007981
6783835548 72877478806748 1000008639
53898052715248 82816688705248 1000011399
82816688705248 72537157725248 1000011400
68878272875448 50887082884948 1000009043
