52725070817248 86525280755748 1000011414
535248 52725070817248 1000011415
86525280755748 52725070817248 1000011415
52725070817248 535248 1000011414
86525280755748 568490567448 1000011415
86525280755748 83958153955048 1000011415
86525280755748 81837486755248 1000011415
86525280755748 78848068818748 1000011415
535248 88827280895248 1000011415
8250507255484948 535248 1000011414
75865651517448 535248 1000011414
535248 68755453888648 1000011415
568490567448 518948 1000011414
86507278875148 568490567448 1000009070
568490567448 74705153725048 1000011414
518948 568490567448 1000011415
56838055908248 83958153955048 1000011415
83958153955048 66678168755348 1000007980
83958153955048 56838055908248 1000011414
66678168755348 83958153955048 1000007960
56838055908248 81837486755248 1000011415
81837486755248 74705153725048 1000011414
81837486755248 56838055908248 1000011414
74705153725048 81837486755248 1000011415
78848068818748 74705153725048 1000011414
74705153725048 78848068818748 1000011415
56838055908248 88827280895248 1000011415
66678168755348 88827280895248 1000007960
88827280895248 74705153725048 1000011414
74705153725048 88827280895248 1000011415
8250507255484948 575467837448 1000009074
8250507255484948 505467837448 1000009074
8250507255484948 875367837448 1000009074
8250507255484948 6786815252494948 1000011414
88838381547448 75865651517448 1000011389
68755453888648 52718881725048 1000009059
68755453888648 525584807548 1000009059
68755453888648 49867555725048 1000009059
68755453888648 49867555725048 1000007981
49815148904948 518948 1000011414
72745466535048 518948 1000011414
568948 518948 1000011393
74878850955048 518948 1000011414
86507278875148 83524948 1000009055
83524948 86507278875148 1000008948
86507278875148 66827681785048 1000009055
57536677805548 86507278875148 1000011389
74705153725048 72745466535048 1000011415
74705153725048 57718895787248 1000011415
