75509575705048 53887771575048 1000007964
75509575705048 9077835348 1000007971
75509575705048 48895648 1000011386
90509575705048 75509575705048 1000011390
75509575705048 90509575705048 1000011387
72717881835248 9077835348 1000007971
51835772676748 9077835348 1000007971
76817789525248 9077835348 1000007971
55846670835148 9077835348 1000007971
74538983907148 9077835348 1000007971
70875471505248 48895648 1000011386
72494880705048 48895648 1000011386
5755505448 48895648 1000008038
80865751845148 48895648 1000011386
74578795755548 48895648 1000011386
72717881835248 578870715348 1000007960
578870715348 72717881835248 1000007980
72717881835248 56885648 1000011386
51835772676748 70835772676748 1000011387
51835772676748 765248 1000011385
51835772676748 955172555248 1000007960
51835772676748 56885648 1000011386
51835772676748 48778448505048 1000011389
76817789525248 84817789525248 1000011387
8178838048 76817789525248 1000007980
84817789525248 76817789525248 1000011390
76817789525248 90817789525248 1000007964
76817789525248 8178838048 1000007960
55846670835148 71866670835148 1000011387
55846670835148 496895875548 1000007960
496895875548 55846670835148 1000007980
55846670835148 71846670835148 1000007964
71866670835148 55846670835148 1000011390
74538983907148 48778448505048 1000011389
74538983907148 76497176685048 1000007964
74538983907148 765248 1000011385
74538983907148 56885648 1000011386
74538983907148 75804953726748 1000007960
70875471505248 80905471505248 1000011387
70875471505248 48778448505048 1000011389
70875471505248 51537584825148 1000007964
70875471505248 6874525148 1000007971
70875471505248 78878795715148 1000007960
72494880705048 958181817048 1000007960
72494880705048 72568684775148 1000007971
72494880705048 6874525148 1000007971
72494880705048 84557284775148 1000007971
72494880705048 82958284775148 1000007971
8289535348 5755505448 1000008031
