77518767705048 83747495665048 1000007964
77518767705048 86518767705048 1000011387
86518767705048 77518767705048 1000011390
77518767705048 48895648 1000011386
728272806848 77518767705048 1000007980
77518767705048 728272806848 1000007960
70875471505248 48895648 1000011386
72494880705048 48895648 1000011386
5755505448 48895648 1000008038
80865751845148 48895648 1000011386
74578795755548 48895648 1000011386
728272806848 55784948 1000007981
70875471505248 80905471505248 1000011387
70875471505248 48778448505048 1000011389
70875471505248 51537584825148 1000007964
70875471505248 6874525148 1000007971
70875471505248 78878795715148 1000007960
72494880705048 958181817048 1000007960
72494880705048 72568684775148 1000007971
72494880705048 6874525148 1000007971
72494880705048 84557284775148 1000007971
72494880705048 82958284775148 1000007971
8289535348 5755505448 1000008031
888886505548 5755505448 1000008032
70565448685148 5755505448 1000002753
8272896848 5755505448 1000008042
5755505448 8289535348 1000008040
80865751845148 808090956848 1000007960
80865751845148 9077835348 1000007971
808090956848 80865751845148 1000007980
74578795755548 9077835348 1000007971
74578795755548 78958252785248 1000007960
74578795755548 48778448505048 1000011389
78958252785248 74578795755548 1000007980
71848674835048 55784948 1000010602
55885257806748 55784948 1000011404
82874948 55784948 1000010602
82874948 55784948 1000010601
48845474765248 55784948 1000007981
74537775957148 48778448505048 1000011389
84885751775548 48778448505048 1000011389
74867657565548 48778448505048 1000011389
86864857765348 48778448505048 1000011389
83909588755548 48778448505048 1000011389
82839082565548 6874525148 1000007971
53864990845348 6874525148 1000007971
55547056907148 6874525148 1000007971
80525575835248 6874525148 1000007971
48875182676748 6874525148 1000007971
