82528776558448 80708054905048 1000008273
82528776558448 72574948 1000011399
72574948 82528776558448 1000011400
80708054905048 84708054905048 1000007978
80708054905048 55827476884948 1000007981
80708054905048 88687448 1000010472
72574948 68556689898248 1000011400
72574948 90789054558648 1000011400
50517289528748 72574948 1000011399
748686715648 55827476884948 1000007981
55827476884948 66556755725048 1000009048
55827476884948 66556755725048 1000009041
88687448 54526667907248 1000000482
88687448 72727748517448 1000006680
54526667907248 88687448 1000000488
68556689898248 78887766776748 1000008273
88526757848448 68556689898248 1000008273
90789054558648 74565382768448 1000008273
50517289528748 686895715448 1000008273
748686715648 714854486848 1000010472
748686715648 87515752685048 1000007980
748686715648 488755675748 1000010472
8183805067494948 66556755725048 1000007981
84957253725048 66556755725048 1000009048
66556755725048 53674948 1000009041
54526667907248 82704887497448 1000006680
53765087497448 54526667907248 1000006672
54526667907248 95805087497448 1000006680
72727748517448 6650544948 1000006672
72727748517448 8849705548 1000006672
8174774948 72727748517448 1000006680
74565382768448 75865671568448 1000008273
686895715448 55544995575048 1000007980
686895715448 53515157866748 1000009502
686895715448 81805176495248 1000007980
5752745348 714854486848 1000000479
53754874865748 714854486848 1000007237
70568170875448 714854486848 1000007237
87515752685048 84557284775148 1000007971
87515752685048 50525752685048 1000011387
87515752685048 718677747548 1000007964
8982885048 488755675748 1000009497
7671498248 488755675748 1000001130
488755675748 887781957148 1000009498
8183805067494948 5087686868494948 1000009074
8751866748 8183805067494948 1000009509
8183805067494948 7553565148 1000010476
86767181725048 84957253725048 1000009051
84957253725048 86767181725048 1000009047
