68688866898748 80688866898748 1000011414
68688866898748 95688866898748 1000011414
68688866898748 535248 1000011414
95688866898748 68688866898748 1000011415
68688866898748 56688866898748 1000011399
80688866898748 575148 1000011399
575148 80688866898748 1000011400
95688866898748 87688866898748 1000011399
87688866898748 95688866898748 1000011400
54708866898748 95688866898748 1000011393
535248 88827280895248 1000011415
8250507255484948 535248 1000011414
75865651517448 535248 1000011414
535248 68755453888648 1000011415
535248 8751777878504948 1000011415
56688866898748 575148 1000011399
575148 56688866898748 1000011400
54538089899548 575148 1000011399
86836880827248 575148 1000011399
575148 81789581495348 1000011400
9571818683504948 575148 1000011399
52765651829548 575148 1000011399
87688866898748 755148 1000011399
87688866898748 54708866898748 1000011400
54708866898748 87688866898748 1000011399
755148 87688866898748 1000011400
56838055908248 88827280895248 1000011415
88827280895248 86525280755748 1000011414
66678168755348 88827280895248 1000007960
88827280895248 74705153725048 1000011414
74705153725048 88827280895248 1000011415
8250507255484948 575467837448 1000009074
8250507255484948 505467837448 1000009074
8250507255484948 875367837448 1000009074
8250507255484948 6786815252494948 1000011414
6786815252494948 8250507255484948 1000011415
88838381547448 75865651517448 1000011389
68755453888648 52718881725048 1000009059
68755453888648 525584807548 1000009059
68755453888648 49867555725048 1000009059
68755453888648 49867555725048 1000007981
68755453888648 77867555725048 1000009059
8751777878504948 55807188665348 1000009072
8751777878504948 84825255955048 1000009072
8751777878504948 57818867715048 1000009072
8751777878504948 56575466535048 1000009072
89528089899548 54538089899548 1000011414
54538089899548 89528089899548 1000011415
56836880827248 86836880827248 1000011414
