72574948 89767488958148 1000011400
88506784878448 89767488958148 1000008273
89767488958148 67758877546648 1000008273
89767488958148 72574948 1000011399
72574948 68556689898248 1000011400
72574948 90789054558648 1000011400
50517289528748 72574948 1000011399
72574948 89788148548748 1000011400
72574948 51748778808748 1000011400
67758877546648 86715290676648 1000007980
67758877546648 50845582725048 1000007981
67758877546648 66667186546648 1000007988
86715290676648 67758877546648 1000007960
66667186546648 67758877546648 1000007998
68556689898248 78887766776748 1000008273
88526757848448 68556689898248 1000008273
90789054558648 74565382768448 1000008273
50517289528748 686895715448 1000008273
89788148548748 76807589865048 1000008273
51748778808748 78564989778748 1000008273
86715290676648 508148 1000009074
86715290676648 57527272835248 1000007964
86715290676648 48778448505048 1000011389
86715290676648 50725290676648 1000011387
86715290676648 9077835348 1000007971
84678077517548 50845582725048 1000007981
67567249577848 50845582725048 1000007981
83535155877148 50845582725048 1000007981
70485356725048 50845582725048 1000009048
49518181505048 50845582725048 1000010602
66667186546648 57499584756648 1000007997
57499584756648 66667186546648 1000007977
74565382768448 75865671568448 1000008273
686895715448 55544995575048 1000007980
686895715448 53515157866748 1000009502
686895715448 81805176495248 1000007980
686895715448 756895715448 1000007978
81805176495248 686895715448 1000007960
76807589865048 81807589865048 1000007978
76807589865048 84525777885048 1000007981
755548 508148 1000010418
508148 5648 1000011399
755548 508148 1000011406
508148 755548 1000011405
508148 865348 1000011407
74537775957148 48778448505048 1000011389
84885751775548 48778448505048 1000011389
74867657565548 48778448505048 1000011389
86864857765348 48778448505048 1000011389
