95808983575548 56567248525448 1000007960
56567248525448 95808983575548 1000007980
95808983575548 95538784775148 1000007971
95808983575548 55818983575548 1000011387
55818983575548 95808983575548 1000011390
54545076725748 95538784775148 1000007971
55744872676648 95538784775148 1000007971
74666851957148 95538784775148 1000007971
75817755955448 54545076725748 1000007980
54545076725748 57547572505248 1000007964
54545076725748 6874525148 1000007971
95777684815048 55744872676648 1000007980
55744872676648 56885648 1000011386
72744872676648 55744872676648 1000011390
74666851957148 48778448505048 1000011389
74666851957148 765248 1000011385
74666851957148 86666851957148 1000011387
75817755955448 77897476884948 1000007981
77758995776648 57547572505248 1000007964
48514881676748 57547572505248 1000007964
80535189876648 57547572505248 1000007964
82839082565548 6874525148 1000007971
53864990845348 6874525148 1000007971
55547056907148 6874525148 1000007971
70668274906748 56885648 1000011386
53864990845348 56885648 1000011386
74957077955448 56885648 1000011386
74537775957148 48778448505048 1000011389
84885751775548 48778448505048 1000011389
74867657565548 48778448505048 1000011389
55674876486748 765248 1000011385
89566675828748 765248 1000011385
77525756879048 765248 1000011385
77897476884948 77548956665048 1000011412
6895908271484948 77897476884948 1000007981
77897476884948 55784948 1000009048
77758995776648 72568684775148 1000007971
77758995776648 82958284775148 1000007971
77758995776648 86866884775148 1000007971
66514881676748 48514881676748 1000011390
48514881676748 57748475546648 1000007960
57748475546648 48514881676748 1000007980
80535189876648 49545189876648 1000011387
80535189876648 86866884775148 1000007971
80535189876648 49837275815048 1000007960
82839082565548 95578780505048 1000007964
53864990845348 77907175875248 1000007960
77907175875248 53864990845348 1000007980
53864990845348 84557284775148 1000007971
