5654808256484948 80896868558048 1000009074
88705687777248 80896868558048 1000011400
83788150668248 80896868558048 1000009074
5654808256484948 56577257558048 1000009074
5654808256484948 49575171688048 1000009073
5654808256484948 74665171688048 1000009073
55905071688048 88705687777248 1000011399
90498989848148 88705687777248 1000011399
88705687777248 755148 1000011399
83788150668248 72577557558048 1000009074
83788150668248 53535171688048 1000009074
83788150668248 74757852768048 1000005617
8652578784484948 56577257558048 1000009074
9567675552494948 56577257558048 1000009074
72727671898048 56577257558048 1000009074
5487706777484948 49575171688048 1000009074
49575171688048 874948 1000011404
8652578784484948 49575171688048 1000009072
7075834866484948 74665171688048 1000009073
74665171688048 874948 1000011404
7148525452494948 74665171688048 1000009074
55905071688048 874948 1000010602
5487706777484948 55905071688048 1000009074
90505495768048 55905071688048 1000009074
90498989848148 48754890848148 1000011412
90498989848148 75709089848148 1000011412
71815475869548 90498989848148 1000011404
83775551549548 755148 1000011399
755148 9087688051504948 1000011400
83668455766748 755148 1000011399
9567675552494948 72577557558048 1000009074
7075834866484948 72577557558048 1000009074
7148525452494948 72577557558048 1000009074
5487706777484948 53535171688048 1000009074
90505495768048 53535171688048 1000009074
874948 53535171688048 1000011410
74757852768048 778853875148 1000008276
8652578784484948 74757852768048 1000005617
90505495768048 74757852768048 1000005617
8652578784484948 77575171688048 1000009074
8652578784484948 77575171688048 1000009072
8652578784484948 548995815048 1000005616
9567675552494948 55567457558048 1000009074
9567675552494948 51547068558048 1000009074
9567675552494948 81515171688048 1000009074
72727671898048 53847157558048 1000009074
72727671898048 88555171688048 1000009073
72727671898048 88665171688048 1000009073
5487706777484948 488755675748 1000005621
