6788678488484948 8278768488484948 1000011412
6683819048494948 6788678488484948 1000011407
8278768488484948 5583888151494948 1000011404
5583888151494948 8278768488484948 1000011410
6683819048494948 7549538981484948 1000011399
954948 6683819048494948 1000011410
5583888151494948 7549538981484948 1000011399
5583888151494948 8749538981484948 1000011409
6749526895484948 7549538981484948 1000011399
7549538981484948 7478538981484948 1000011400
954948 90758151688048 1000011410
71838753546648 954948 1000011404
8749538981484948 9550726753494948 1000011394
8749538981484948 6870718487484948 1000011394
6749526895484948 774948 1000011404
6749526895484948 9054866695484948 1000011407
7478538981484948 5066728251494948 1000011412
7478538981484948 8981809081484948 1000011412
90758151688048 55708151688048 1000010601
55708151688048 90758151688048 1000011412
71838753546648 80828753546648 1000010601
71838753546648 82714948 1000011402
9550726753494948 53674948 1000009041
8086706753494948 9550726753494948 1000011404
5371498295484948 6870718487484948 1000010601
6870718487484948 6781498295484948 1000011412
774948 75888484905048 1000011410
66906878806748 774948 1000011404
4966496895484948 9054866695484948 1000010601
6875486895484948 9054866695484948 1000010601
8981809081484948 5066728251494948 1000011406
5066728251494948 8981809081484948 1000011405
55708151688048 53674948 1000009041
55708151688048 89718051688048 1000011410
71848753546648 80828753546648 1000010601
82848753546648 80828753546648 1000011407
54867888518648 82714948 1000009073
67525480889548 82714948 1000009074
50887082884948 53674948 1000009041
67527288535548 53674948 1000010601
8086706753494948 5683686753494948 1000010601
5683686753494948 8086706753494948 1000011412
5371498295484948 554948 1000010602
5371498295484948 554948 1000011404
6781498295484948 82896882884948 1000010602
6781498295484948 82896882884948 1000011404
558170837448 75888484905048 1000011400
75888484905048 558170837448 1000011399
66906878806748 87666878806748 1000011407
