505449524948 6783835548 1000009409
4988745048 505449524948 1000009498
6783835548 505449524948 1000009498
6783835548 505449524948 1000009444
505449524948 4988745048 1000009497
67549548 6783835548 1000009497
6783835548 876655954948 1000009457
6849864888484948 6783835548 1000009517
6783835548 7680745248 1000009444
6783835548 765589765048 1000009498
726751514948 4988745048 1000009497
51818170875448 4988745048 1000007237
4988745048 7680745248 1000009498
5366725448 4988745048 1000010472
55744874865748 4988745048 1000007237
67549548 70515651955048 1000007981
67549548 67534887665148 1000009074
876655954948 70515651955048 1000007981
8774844888484948 6849864888484948 1000009511
6849864888484948 55784948 1000007981
6849864888484948 71838768958648 1000009072
6849864888484948 8156864888484948 1000009518
6849864888484948 70846882884948 1000009074
8166848983494948 7680745248 1000010481
70868495675548 7680745248 1000007237
834956724948 7680745248 1000010440
52725695725448 7680745248 1000007237
88865066715748 7680745248 1000009497
765589765048 56685284905248 1000007980
765589765048 53576855725048 1000007981
56685284905248 765589765048 1000007960
726751514948 49847170899548 1000009498
726751514948 57774948 1000007981
49847170899548 726751514948 1000009497
51818170875448 6882825248 1000007237
51818170875448 488755675748 1000007237
51818170875448 8068905348 1000007237
51818170875448 95789071804948 1000007237
51818170875448 8951785448 1000007237
5366725448 774986807548 1000007981
9083685048 5366725448 1000010486
5366725448 9083685048 1000010476
5366725448 53667151884948 1000009073
5366725448 908080905348 1000010468
55744874865748 488755675748 1000007237
55744874865748 7581547748 1000007237
55744874865748 8068905348 1000007237
55744874865748 8982885048 1000007237
55744874865748 5188555048 1000007237
