57895281505048 51895281505048 1000007953
51895281505048 78715748 1000011386
76725281505048 51895281505048 1000007953
7554568670504948 78715748 1000011386
50958081766748 78715748 1000011386
78549588527848 78715748 1000011386
53575089665348 78715748 1000011386
76725281505048 5648 1000011399
514948 76725281505048 1000008930
5648 76725281505048 1000011400
514948 76725281505048 1000007978
5454568670504948 7554568670504948 1000007953
7554568670504948 765248 1000011385
7554568670504948 71527148 1000011388
50958081766748 71527148 1000011388
50958081766748 765248 1000011385
50958081766748 51765053905048 1000011389
89549588527848 78549588527848 1000007953
78549588527848 71527148 1000011388
78549588527848 66715372577448 1000011389
78549588527848 765248 1000011385
53575089665348 71527148 1000011388
53575089665348 89888470665348 1000011389
828167837448 5648 1000011399
75828351805148 5648 1000011399
848067837448 5648 1000011399
71825281505048 5648 1000011399
514948 75828078806748 1000011410
824948 514948 1000011411
514948 837648 1000011412
514948 57828351805148 1000011410
5454568670504948 488167837448 1000009022
5454568670504948 7875558670504948 1000011399
7875558670504948 5454568670504948 1000011400
55674876486748 765248 1000011385
89566675828748 765248 1000011385
74666851957148 765248 1000011385
77525756879048 765248 1000011385
66705275715348 71527148 1000011388
50875175715348 71527148 1000011388
87496787515448 71527148 1000011388
51747282495348 71527148 1000011388
90544951777148 51765053905048 1000011389
51765053905048 535248 1000011414
74818876776748 51765053905048 1000011389
82778268875148 51765053905048 1000007952
66715372577448 535248 1000011414
535248 66715372577448 1000011415
53726754675348 89888470665348 1000011389
