517778564948 57767877805748 1000010369
57767877805748 517778564948 1000010410
51818170875448 517778564948 1000007237
517778564948 83539054845748 1000010377
83888489845748 517778564948 1000010392
51818170875448 6882825248 1000007237
51818170875448 488755675748 1000007237
51818170875448 8068905348 1000007237
6882825248 8295517148 1000009498
6882825248 88515650725148 1000008769
568667725048 6882825248 1000011170
8982885048 488755675748 1000009497
7671498248 488755675748 1000001130
488755675748 887781957148 1000009498
56835595725448 8068905348 1000007237
88498470875448 8068905348 1000007237
75744874865748 8068905348 1000007237
70537166575248 8295517148 1000009497
8295517148 568667725048 1000009512
8295517148 70537166575248 1000009498
88515650725148 67764852725048 1000008705
7277495648 88515650725148 1000008769
7888865048 88515650725148 1000008783
568667725048 4974578948 1000011170
568667725048 5351907848 1000011170
568667725048 5378727648 1000011170
8982885048 72887183565248 1000009498
84754874865748 8982885048 1000007237
55744874865748 8982885048 1000007237
7671498248 7895528767484948 1000009501
537489745448 7671498248 1000008749
7895528767484948 7671498248 1000011154
887781957148 77897476884948 1000007981
887781957148 83747780884948 1000009073
887781957148 8155784948 1000010385
56835595725448 4951675148 1000007237
56835595725448 90567548 1000007237
56835595725448 6654885048 1000007237
88498470875448 7474825148 1000007237
88498470875448 4966835348 1000007237
88498470875448 90567548 1000007237
75744874865748 6681566848 1000007237
75744874865748 825787716848 1000007237
75744874865748 8768525648 1000007237
90525553508848 70537166575248 1000011187
70537166575248 72537166575248 1000009502
5356707249514948 70537166575248 1000011187
704986865148 67764852725048 1000008705
5295826848 67764852725048 1000008705
