67526766866748 67527457836748 1000011399
67526766866748 74784968775548 1000009019
67526766866748 7148 1000009020
67527457836748 83906666866748 1000011400
48868657866748 67527457836748 1000011399
70497566866748 67527457836748 1000011399
83875175715348 74784968775548 1000009019
68508754725348 74784968775548 1000009019
89535148904948 74784968775548 1000011400
7148 515348 1000011394
825048 7148 1000011409
9548 7148 1000011409
83906666866748 89534957745248 1000009019
89537457836748 48868657866748 1000008943
48868657866748 89537457836748 1000009020
48868657866748 905348 1000009022
70497566866748 89537457836748 1000009020
89537457836748 70497566866748 1000008943
70497566866748 89534957745248 1000009019
83875175715348 51885175715348 1000007953
83875175715348 775071837448 1000009022
78765149685248 83875175715348 1000011400
82827482495348 68508754725348 1000008943
68508754725348 84827788785048 1000011399
68508754725348 67887482495348 1000009022
90688054845048 89535148904948 1000011399
89535148904948 95665287777248 1000011400
89535148904948 755567837448 1000011400
57684948 515348 1000011404
80545574875048 515348 1000011404
70545466535048 515348 1000010602
825048 5648 1000011399
86724888955048 825048 1000010602
875648 825048 1000010602
51577070725748 9548 1000008278
95885777845248 9548 1000011404
9548 5648 1000011399
48705275715348 89534957745248 1000009019
72488783785248 89534957745248 1000009019
83515188865448 89534957745248 1000009019
89537457836748 55747466866748 1000008943
89537457836748 77537457836748 1000008940
75537566866748 89537457836748 1000009020
687548 905348 1000010601
68895653866748 905348 1000010601
755548 905348 1000010601
51885175715348 71527148 1000011388
51885175715348 78715748 1000011386
8751779081494948 775071837448 1000007981
