56908789716748 57508889716748 1000011412
56908789716748 55848387716748 1000011399
72908789716748 56908789716748 1000009022
52958789716748 56908789716748 1000011407
56908789716748 52958789716748 1000011412
954948 57508889716748 1000011410
57508889716748 55848387716748 1000011399
57508889716748 954948 1000010602
57508889716748 954948 1000011404
55848387716748 57508889716748 1000011400
55848387716748 755148 1000011399
75848387716748 55848387716748 1000011399
81848387716748 55848387716748 1000011399
90718689716748 55848387716748 1000011399
55848387716748 52958789716748 1000011400
81848387716748 72908789716748 1000008943
72908789716748 81848387716748 1000009020
72908789716748 89534957745248 1000009019
52958789716748 954948 1000010602
52958789716748 954948 1000011404
954948 52958789716748 1000011410
954948 90758151688048 1000011410
71838753546648 954948 1000011404
57884970835248 954948 1000010602
95724981678048 954948 1000010602
53758151688048 954948 1000010602
83775551549548 755148 1000011399
755148 9087688051504948 1000011400
83668455766748 755148 1000011399
755148 70785454907248 1000011400
83577088546648 755148 1000011399
81848387716748 75848387716748 1000008940
81848387716748 86549089716748 1000011394
86549089716748 81848387716748 1000011409
90728689716748 90718689716748 1000011407
90728689716748 90718689716748 1000010601
90718689716748 53674948 1000009041
90718689716748 90728689716748 1000011412
57708789716748 90718689716748 1000009015
48705275715348 89534957745248 1000009019
72488783785248 89534957745248 1000009019
83515188865448 89534957745248 1000009019
54825274675348 89534957745248 1000009019
70816883785248 89534957745248 1000009019
90758151688048 55708151688048 1000010601
55708151688048 90758151688048 1000011412
76535455567048 90758151688048 1000011400
90758151688048 55708151688048 1000011407
90758151688048 76535455567048 1000011399
