50956883905248 51824980675048 1000007964
50956883905248 57956883905248 1000011387
50956883905248 9077835348 1000007971
57956883905248 50956883905248 1000011390
72717881835248 9077835348 1000007971
51835772676748 9077835348 1000007971
76817789525248 9077835348 1000007971
55846670835148 9077835348 1000007971
72717881835248 578870715348 1000007960
578870715348 72717881835248 1000007980
72717881835248 56885648 1000011386
51835772676748 70835772676748 1000011387
51835772676748 765248 1000011385
51835772676748 955172555248 1000007960
51835772676748 56885648 1000011386
76817789525248 48895648 1000011386
76817789525248 84817789525248 1000011387
8178838048 76817789525248 1000007980
84817789525248 76817789525248 1000011390
55846670835148 71866670835148 1000011387
55846670835148 496895875548 1000007960
496895875548 55846670835148 1000007980
55846670835148 71846670835148 1000007964
578870715348 72665757705048 1000007980
90756870555248 578870715348 1000002752
80486878905248 578870715348 1000002752
56835595725448 578870715348 1000007237
70668274906748 56885648 1000011386
53864990845348 56885648 1000011386
74957077955448 56885648 1000011386
90777450665348 56885648 1000011386
55674876486748 765248 1000011385
89566675828748 765248 1000011385
74666851957148 765248 1000011385
77525756879048 765248 1000011385
955172555248 488755675748 1000010472
955172555248 5068666748 1000010476
5068666748 955172555248 1000010486
955172555248 908080905348 1000010468
70875471505248 48895648 1000011386
72494880705048 48895648 1000011386
5755505448 48895648 1000008038
80865751845148 48895648 1000011386
8272896848 8178838048 1000008042
8178838048 70488780755048 1000007981
8178838048 4880838048 1000007978
8178838048 8272896848 1000008037
496895875548 83888667835048 1000007981
57689049575348 496895875548 1000007960
