84579576777148 51845349527148 1000008001
84579576777148 67669576777148 1000008000
84579576777148 716895567448 1000007981
535248 51845349527148 1000011415
51845349527148 535248 1000011414
66836883785248 716895567448 1000009022
90746848904948 716895567448 1000011407
68765167725148 716895567448 1000007981
728948 716895567448 1000011400
50758474875448 716895567448 1000007981
535248 88827280895248 1000011415
8250507255484948 535248 1000011414
75865651517448 535248 1000011414
535248 68755453888648 1000011415
535248 8751777878504948 1000011415
66836883785248 89534957745248 1000009019
728948 66836883785248 1000011400
66836883785248 728948 1000011399
90746848904948 874948 1000010602
90746848904948 728948 1000011399
874948 90746848904948 1000011410
728948 90746848904948 1000011400
90746848904948 874948 1000011404
68765167725148 75765167725148 1000008000
68765167725148 75525267725148 1000008000
68765167725148 755567837448 1000008001
747095567448 728948 1000011399
728948 51905048 1000011400
67905048 728948 1000011399
728948 67905048 1000011400
51905048 728948 1000011399
50758474875448 54774890725048 1000008001
50758474875448 90758474875448 1000008000
56838055908248 88827280895248 1000011415
88827280895248 86525280755748 1000011414
66678168755348 88827280895248 1000007960
88827280895248 74705153725048 1000011414
74705153725048 88827280895248 1000011415
8250507255484948 575467837448 1000009074
8250507255484948 505467837448 1000009074
8250507255484948 875367837448 1000009074
8250507255484948 6786815252494948 1000011414
6786815252494948 8250507255484948 1000011415
88838381547448 75865651517448 1000011389
68755453888648 52718881725048 1000009059
68755453888648 525584807548 1000009059
68755453888648 49867555725048 1000009059
68755453888648 49867555725048 1000007981
68755453888648 77867555725048 1000009059
