80535583718148 76545583718148 1000011400
76545583718148 80535583718148 1000011399
52555583718148 76545583718148 1000011409
76545583718148 78675583718148 1000008943
78675583718148 76545583718148 1000009020
80535583718148 83565583718148 1000011400
83665583718148 80535583718148 1000011399
80535583718148 83665583718148 1000011400
88555583718148 80535583718148 1000011399
78675583718148 80535583718148 1000011399
52555583718148 53665583718148 1000011412
52555583718148 72665583718148 1000011412
52555583718148 80575583718148 1000011412
53665583718148 52555583718148 1000011407
53565583718148 52555583718148 1000011407
78675583718148 89534957745248 1000009019
525584807548 83565583718148 1000011410
83565583718148 525584807548 1000010602
83565583718148 525584807548 1000011404
83665583718148 954948 1000010602
83665583718148 954948 1000011404
954948 83665583718148 1000011410
83665583718148 80568890957448 1000011402
88555583718148 82714948 1000011402
88555583718148 954948 1000011404
954948 88555583718148 1000011410
88555583718148 954948 1000010602
824948 53665583718148 1000011410
53665583718148 78578874547248 1000011402
53665583718148 824948 1000010602
53665583718148 824948 1000011404
72665583718148 824948 1000010602
72665583718148 90825178537448 1000011402
72665583718148 824948 1000011404
824948 72665583718148 1000011410
80575583718148 824948 1000011404
80575583718148 824948 1000010602
80575583718148 57538874547248 1000011402
824948 80575583718148 1000011410
53565583718148 90714948 1000011402
77664948 53565583718148 1000011410
53565583718148 77664948 1000010602
53565583718148 77664948 1000011404
48705275715348 89534957745248 1000009019
72488783785248 89534957745248 1000009019
83515188865448 89534957745248 1000009019
54825274675348 89534957745248 1000009019
70816883785248 89534957745248 1000009019
525584807548 83835577845248 1000011410
