87808770829548 72535476755048 1000007981
72535476755048 54708681785048 1000008930
72535476755048 53674948 1000009041
70488886875748 72535476755048 1000009022
87808770829548 55757788565048 1000009073
87808770829548 908080905348 1000010468
87808770829548 84785248 1000009074
87808770829548 488755675748 1000010472
54708681785048 49827681785048 1000011399
49827681785048 54708681785048 1000011400
50887082884948 53674948 1000009041
67527288535548 53674948 1000010601
67527288535548 53674948 1000010602
53724948 53674948 1000011407
70488886875748 709570837448 1000011399
70488886875748 89534957745248 1000009019
70488886875748 86488886875748 1000007953
70488886875748 564871837448 1000009020
55757788565048 82755248 1000011407
6867745150494948 55757788565048 1000009074
755151664948 55757788565048 1000009073
6675764971484948 55757788565048 1000009073
70534956717148 908080905348 1000010468
788376845048 908080905348 1000010468
5475575678504948 908080905348 1000010468
88505572527448 908080905348 1000010468
77726877824948 84785248 1000009074
82755248 84785248 1000011412
86515281537248 84785248 1000009073
88537071518648 84785248 1000009073
8982885048 488755675748 1000009497
7671498248 488755675748 1000001130
488755675748 887781957148 1000009498
83577790904948 488755675748 1000009531
49827681785048 68848280755048 1000011400
49827681785048 75758172875048 1000011400
80535476755048 49827681785048 1000011399
87828280755048 49827681785048 1000011399
68878272875448 50887082884948 1000009043
81547082884948 50887082884948 1000011394
50887082884948 70547082884948 1000011399
86767181725048 50887082884948 1000009051
8453865578504948 67527288535548 1000009074
5489508072504948 67527288535548 1000009073
82848753546648 67527288535548 1000011402
7268715378494948 67527288535548 1000009072
86555674816748 53724948 1000009074
53877148809048 53724948 1000009074
9577528248514948 53724948 1000009073
