70874870495348 77868982884948 1000007981
67808871875248 77868982884948 1000007981
51958653875248 77868982884948 1000007981
70874870495348 8649675548 1000007604
8649675548 70874870495348 1000007483
67808871875248 8649675548 1000007604
8649675548 67808871875248 1000007483
51958653875248 7781485548 1000007604
7781485548 51958653875248 1000007483
70568170875448 8649675548 1000007237
82725695725448 8649675548 1000007237
8649675548 5286835248 1000007743
70868495675548 7781485548 1000007237
48529067875248 7781485548 1000007604
7781485548 76668656875248 1000007483
70568170875448 7654835448 1000007237
70568170875448 558080544948 1000007237
70568170875448 897271726748 1000007237
82725695725448 7174825248 1000007237
82725695725448 8649555748 1000007237
82725695725448 7487507048 1000007237
55744874865748 5286835248 1000007237
5286835248 9055565348 1000008072
9055565348 5286835248 1000008064
70868495675548 766790575448 1000007237
70868495675548 7680745248 1000007237
70868495675548 77719088665148 1000007237
76668656875248 488755675748 1000007604
488755675748 76668656875248 1000007483
7654835448 67764852725048 1000009454
7654835448 67534887665148 1000009074
72958170875448 7654835448 1000007237
72754874865748 558080544948 1000007237
76805570565248 558080544948 1000009806
558080544948 49789067565248 1000009809
897271726748 5553895448 1000009498
53818054815048 897271726748 1000010472
5470705348 897271726748 1000000479
75744874865748 7174825248 1000007237
55744874865748 7174825248 1000007237
51818170875448 7174825248 1000007237
717275825048 8649555748 1000005551
75744874865748 8649555748 1000007237
8649555748 829051744948 1000008861
8155784948 7487507048 1000009498
7487507048 488755675748 1000009497
75744874865748 7487507048 1000007237
55744874865748 488755675748 1000007237
55744874865748 7581547748 1000007237
