82908872908148 71558874547248 1000009073
82908872908148 75545551537448 1000011153
534868894948 71558874547248 1000009074
5248869570504948 71558874547248 1000009074
534868894948 57538874547248 1000009074
5248869570504948 48905555955048 1000009074
5248869570504948 955648 1000009074
958848 57538874547248 1000011400
54487184874948 57538874547248 1000009074
48905555955048 515348 1000011407
8686829066504948 48905555955048 1000009074
8455558881494948 955648 1000009074
955648 78749575687648 1000011401
95788375785648 958848 1000011399
958848 55768978666648 1000011400
54487184874948 7751867568484948 1000010084
7582547768484948 54487184874948 1000010198
57684948 515348 1000011404
80545574875048 515348 1000011404
8686829066504948 6648 1000009074
8686829066504948 5295708066504948 1000007684
7172568881494948 8455558881494948 1000010356
825749725048 8455558881494948 1000007984
806848 78749575687648 1000011401
958167837448 78749575687648 1000011401
95788375785648 568948 1000009020
95788375785648 83788375785648 1000009022
55768978666648 95725168725148 1000011404
55768978666648 83788375785648 1000011407
7751867568484948 5577487667484948 1000010209
5577487667484948 7751867568484948 1000010222
5388956668484948 7582547768484948 1000010222
7582547768484948 5388956668484948 1000010209
56525249875048 57684948 1000009072
57684948 77664948 1000011407
80545574875048 558170837448 1000011399
558170837448 80545574875048 1000011400
6648 775048 1000010602
5684525471484948 6648 1000009074
5295708066504948 53724948 1000009074
4875825148 5295708066504948 1000010411
806848 874948 1000011404
8890527770504948 806848 1000009074
958167837448 488167837448 1000010601
958167837448 725048 1000010602
57565172668748 568948 1000011409
568948 57577266775648 1000011394
83788375785648 53525181865748 1000011412
78788788785648 83788375785648 1000011407
