575148 70495672537148 1000011400
70495672537148 575148 1000011399
70495672537148 75495672537148 1000011400
54538089899548 575148 1000011399
86836880827248 575148 1000011399
575148 81789581495348 1000011400
535248 75495672537148 1000011415
75495672537148 535248 1000011414
89528089899548 54538089899548 1000011414
54538089899548 89528089899548 1000011415
56836880827248 86836880827248 1000011414
86836880827248 56836880827248 1000011415
86789581495348 81789581495348 1000011399
81789581495348 86789581495348 1000011400
535248 88827280895248 1000011415
8250507255484948 535248 1000011414
75865651517448 535248 1000011414
56836880827248 88484875715348 1000009055
48537586827248 56836880827248 1000007960
56836880827248 52836880827248 1000011399
56838055908248 88827280895248 1000011415
88827280895248 86525280755748 1000011414
66678168755348 88827280895248 1000007960
8250507255484948 575467837448 1000009074
8250507255484948 505467837448 1000009074
8250507255484948 875367837448 1000009074
88838381547448 75865651517448 1000011389
82747855517248 88484875715348 1000008001
88484875715348 76494974757148 1000008948
76494974757148 88484875715348 1000009055
48537586827248 95538784775148 1000007971
48537586827248 56885648 1000011386
56838055908248 70837456525248 1000011415
95505675487448 56838055908248 1000011414
56838055908248 81837486755248 1000011415
86525280755748 568490567448 1000011415
86525280755748 83958153955048 1000011415
86525280755748 81837486755248 1000011415
66678168755348 55786781505048 1000011389
665348 66678168755348 1000007980
70837456525248 66678168755348 1000007980
874948 575467837448 1000011410
49827188789048 575467837448 1000009074
575467837448 874948 1000011404
49827188789048 505467837448 1000009074
5187705150504948 505467837448 1000009074
53707870879048 505467837448 1000009074
5267708282484948 875367837448 1000009074
48508354907148 875367837448 1000002474
