74578371726748 84557284775148 1000007971
89888784906748 84557284775148 1000007971
90667195815248 84557284775148 1000007971
51838954665548 84557284775148 1000007971
76849074505248 84557284775148 1000007971
74578371726748 86866884775148 1000007971
74578371726748 95578371726748 1000011387
74578371726748 75578371726748 1000007964
74578371726748 765248 1000011385
74578371726748 55825553726748 1000007960
89888784906748 718677747548 1000007964
89888784906748 86866884775148 1000007971
89888784906748 56885648 1000011386
89888784906748 70527868906748 1000007960
89888784906748 72568684775148 1000007971
90667195815248 6874525148 1000007971
90667195815248 82958284775148 1000007971
90667195815248 72568684775148 1000007971
90667195815248 56885648 1000011386
90667195815248 86866884775148 1000007971
51838954665548 48778448505048 1000011389
51838954665548 86866884775148 1000007971
51838954665548 82958284775148 1000007971
51838954665548 72568684775148 1000007971
51838954665548 89827552884948 1000007964
76849074505248 72568684775148 1000007971
76849074505248 6874525148 1000007971
76849074505248 82958284775148 1000007971
76849074505248 86866884775148 1000007971
76849074505248 56885648 1000011386
84745483505248 86866884775148 1000007971
67687683487248 86866884775148 1000007971
57674988825248 86866884775148 1000007971
56744883776748 86866884775148 1000007971
70775077495248 86866884775148 1000007971
55674876486748 765248 1000011385
89566675828748 765248 1000011385
74666851957148 765248 1000011385
77525756879048 765248 1000011385
75905086776748 765248 1000011385
55825553726748 55784948 1000007981
55768082835248 718677747548 1000007964
87515752685048 718677747548 1000007964
88755253705048 718677747548 1000007964
95839050665548 718677747548 1000007964
90837757495248 718677747548 1000007964
70668274906748 56885648 1000011386
53864990845348 56885648 1000011386
74957077955448 56885648 1000011386
