49578351955048 674948 1000010602
77538351955048 49578351955048 1000011412
674948 87676848845048 1000011410
84906875755348 674948 1000011404
88775548775148 77538351955048 1000010601
77538351955048 86528951955048 1000011412
95524948 87676848845048 1000011400
87676848845048 9555955548 1000011408
84906875755348 72499549775348 1000011399
84906875755348 52846875755348 1000011407
55528351955048 88775548775148 1000011400
88775548775148 55528351955048 1000011399
55528351955048 86528951955048 1000011400
86528951955048 4853885348 1000011408
95524948 83784866866748 1000011400
53845274835048 95524948 1000011399
72754874865748 9555955548 1000007237
87787095815548 9555955548 1000007051
51835774675348 72499549775348 1000011399
72499549775348 55677850905348 1000011400
68846875755348 52846875755348 1000009022
52846875755348 53674948 1000009041
55528351955048 70498783785248 1000011400
49865548775148 55528351955048 1000011399
74818170875448 4853885348 1000007237
90555778808148 4853885348 1000008273
70834951846748 83784866866748 1000007978
83784866866748 72784866866748 1000007953
95874948 53845274835048 1000011412
53845274835048 89835274835048 1000010602
72754874865748 6648784948 1000007237
72754874865748 4966835348 1000007237
88808757825548 87787095815548 1000007065
87787095815548 88808757825548 1000007064
51835774675348 55575448685348 1000011406
51835774675348 56835774675348 1000010602
55677850905348 90499549775348 1000009020
55677850905348 55876875755348 1000009022
95894970675348 68846875755348 1000008943
68846875755348 95894970675348 1000009020
50887082884948 53674948 1000009041
67527288535548 53674948 1000010601
75528351955048 70498783785248 1000008943
70498783785248 89534957745248 1000009019
49865548775148 554948 1000011404
554948 49865548775148 1000011410
74818170875448 53824990535548 1000007988
74818170875448 545650955048 1000007237
53865572748448 90555778808148 1000008273
