76517777685248 55749590575248 1000011399
76517777685248 82749590575248 1000011409
82749590575248 76517777685248 1000011394
76517777685248 53674948 1000009041
55749590575248 76749590575248 1000011400
55749590575248 82749590575248 1000011400
82749590575248 55749590575248 1000011399
755148 55749590575248 1000011400
82749590575248 76749590575248 1000008940
82749590575248 67749590575248 1000011393
50887082884948 53674948 1000009041
67527288535548 53674948 1000010601
67527288535548 53674948 1000010602
53724948 53674948 1000011407
83775551549548 755148 1000011399
755148 9087688051504948 1000011400
83668455766748 755148 1000011399
755148 70785454907248 1000011400
68878272875448 50887082884948 1000009043
81547082884948 50887082884948 1000011394
50887082884948 70547082884948 1000011399
86767181725048 50887082884948 1000009051
8453865578504948 67527288535548 1000009074
5489508072504948 67527288535548 1000009073
82848753546648 67527288535548 1000011402
7268715378494948 67527288535548 1000009072
86555674816748 53724948 1000009074
53877148809048 53724948 1000009074
9577528248514948 53724948 1000009073
52828175889048 53724948 1000009074
83775551549548 80805551549548 1000011400
84825551549548 83775551549548 1000011399
83775551549548 84825551549548 1000011400
80805551549548 83775551549548 1000011399
9087688051504948 5088688051504948 1000011400
9087688051504948 5688688051504948 1000011400
5688688051504948 9087688051504948 1000011399
5088688051504948 9087688051504948 1000011399
72805257806748 83668455766748 1000011399
83668455766748 75678455766748 1000011400
49495395566848 83668455766748 1000011399
75678455766748 83668455766748 1000011399
82807577507448 70785454907248 1000011399
70785454907248 82807577507448 1000011400
70487077507448 70785454907248 1000011399
70785454907248 70487077507448 1000011400
72815274675348 68878272875448 1000009046
67887482495348 68878272875448 1000009046
68778872755248 68878272875448 1000009046
