87677472835748 89897166775648 1000011404
86817272835748 87677472835748 1000010418
67687172835748 89897166775648 1000011407
86817272835748 89897166775648 1000011404
958848 86817272835748 1000011400
86817272835748 958848 1000011399
525584807548 67687172835748 1000011410
77827266775648 67687172835748 1000011406
95788375785648 958848 1000011399
958848 55768978666648 1000011400
525584807548 83835577845248 1000011410
525584807548 57559595805748 1000011410
95788375785648 568948 1000009020
95788375785648 83788375785648 1000009022
55768978666648 95725168725148 1000011404
55768978666648 83788375785648 1000011407
83835577845248 95745577845248 1000011399
95745577845248 83835577845248 1000011400
57559595805748 49529595805748 1000011399
57559595805748 50549595805748 1000011407
57565172668748 568948 1000011409
568948 57577266775648 1000011394
83788375785648 53525181865748 1000011412
78788788785648 83788375785648 1000011407
49845387485248 95725168725148 1000010602
68755168725148 95725168725148 1000010602
95745577845248 51755577845248 1000011400
70765577845248 95745577845248 1000011399
49529595805748 75549595805748 1000011400
53665750676648 49529595805748 1000011399
50549595805748 53674948 1000009041
49559595805748 50549595805748 1000011407
57565172668748 57848882748748 1000011399
57565172668748 89565172668748 1000011410
57577266775648 74867266775648 1000011410
57577266775648 81806777786648 1000011410
66835387485248 49845387485248 1000011400
49845387485248 66835387485248 1000011399
68755168725148 9548 1000011407
5648 68755168725148 1000011400
71755577845248 51755577845248 1000011393
954948 75549595805748 1000011410
75549595805748 82714948 1000011402
50887082884948 53674948 1000009041
67527288535548 53674948 1000010601
84664948 49559595805748 1000011410
49559595805748 84664948 1000010602
89565172668748 57848882748748 1000011399
82534955557448 57848882748748 1000011399
