84877789808748 665648 1000002474
665648 825048 1000010602
84877789808748 665648 1000002471
90678671568048 84877789808748 1000002476
84877789808748 90678671568048 1000002470
825048 5648 1000011399
86724888955048 825048 1000010602
875648 825048 1000010602
56574871528748 90678671568048 1000002470
67878671568048 90678671568048 1000002470
90678671568048 49569584688048 1000002476
828167837448 5648 1000011399
75828351805148 5648 1000011399
848067837448 5648 1000011399
875648 847548 1000010418
847548 875648 1000011405
875648 775048 1000011407
67878671568048 707148 1000002471
67878671568048 707148 1000002474
875048 828167837448 1000011410
828167837448 488167837448 1000010601
828167837448 488167837448 1000011407
75828351805148 958167837448 1000011405
725048 75828351805148 1000011412
8071525049514948 75828351805148 1000009074
958267837448 848067837448 1000010601
848067837448 548367837448 1000011412
848067837448 90785281505048 1000007978
847548 775048 1000011404
847548 775048 1000010602
775048 847548 1000011410
6648 775048 1000010602
72957768677648 775048 1000010602
72957768677648 775048 1000011404
707148 725048 1000011404
707148 725048 1000010601
707148 725048 1000010602
875048 68844990485348 1000011410
875048 687548 1000011410
505648 875048 1000010602
958167837448 488167837448 1000010601
49828351805148 488167837448 1000010601
728167837448 488167837448 1000010601
958167837448 725048 1000010602
958167837448 78749575687648 1000011401
725048 958167837448 1000011410
725048 72745168725148 1000011410
865548 725048 1000010602
865548 725048 1000010601
