527880765648 72728948 1000008037
72728948 527880765648 1000008042
72728948 805757954948 1000008042
498276557248 72728948 1000008037
805757954948 70488780755048 1000007981
498276557248 70488780755048 1000007981
95728648505048 70488780755048 1000007981
82555248765048 70488780755048 1000007981
68955778865548 95728648505048 1000007237
95728648505048 8272896848 1000008037
82555248765048 5286835248 1000008036
82555248765048 56898748765048 1000008041
68955778865548 555350824948 1000007237
68955778865548 9577775048 1000007237
8272896848 545487836748 1000008042
868151816748 8272896848 1000008037
55744874865748 5286835248 1000007237
5286835248 9055565348 1000008072
52545648765048 56898748765048 1000008041
49865748765048 56898748765048 1000008039
74718495675548 555350824948 1000007237
805086815648 555350824948 1000008069
9577775048 4855535248 1000009644
9577775048 4855535248 1000009645
545487836748 838150524948 1000008041
545487836748 838150524948 1000008039
868151816748 70664948765048 1000008038
868151816748 958151816748 1000007978
55744874865748 488755675748 1000007237
55744874865748 7581547748 1000007237
776671576848 9055565348 1000008039
776671576848 9055565348 1000008041
74718495675548 5548815448 1000007237
74718495675548 807875745048 1000007237
805086815648 86828682884948 1000007981
4855535248 49904948 1000007981
4855535248 7251496748 1000009652
838150524948 49827778485248 1000008063
838150524948 70768648 1000008064
8982885048 488755675748 1000009497
7671498248 488755675748 1000001130
7581547748 56498481786648 1000009074
72958170875448 7581547748 1000007237
776671576848 485580865348 1000008037
55775148765048 776671576848 1000008275
86678049806748 5548815448 1000008321
67874955815048 5548815448 1000008321
52805549865448 807875745048 1000007237
66705681908248 807875745048 1000010476
