75845195505448 508076805048 1000008250
75845195505448 779070525548 1000008251
779070525548 75845195505448 1000008248
75845195505448 49687566755248 1000008249
49687566755248 75845195505448 1000008247
508076805048 95718781785348 1000008223
67519555825048 508076805048 1000007032
77865681905448 508076805048 1000007032
90747484907448 508076805048 1000007032
68526876725048 508076805048 1000008239
78778987535548 49687566755248 1000008249
49687566755248 81827186745748 1000008247
49687566755248 78778987535548 1000008247
81827186745748 49687566755248 1000008249
54558782535548 49687566755248 1000008249
95718781785348 83848177815048 1000008234
89485067565048 95718781785348 1000008217
95718781785348 89485067565048 1000008236
545587515748 95718781785348 1000008219
95718781785348 545587515748 1000008234
