7156554948 75765750885148 1000007733
7156554948 48556756815748 1000010369
7156554948 9087705248 1000000326
866868676748 7156554948 1000000333
48708449825748 7156554948 1000010410
8887754948 7156554948 1000000333
57745780675248 9087705248 1000000388
89558268765548 9087705248 1000000388
9087705248 767286495148 1000000336
9087705248 50887480884948 1000007981
767286495148 9087705248 1000000341
866868676748 76554883535048 1000000341
76554883535048 866868676748 1000000336
866868676748 48898486725048 1000000329
76525568667548 866868676748 1000008273
866868676748 50887480884948 1000007981
