50835289864948 57549566715148 1000007620
57549566715148 83775651774948 1000007626
50835289864948 67678457497048 1000010084
826889724948 50835289864948 1000010140
50835289864948 48895589767848 1000010194
6850685548 83775651774948 1000010140
83775651774948 726695747748 1000010084
88728270677048 83775651774948 1000010198
826889724948 829549786648 1000010140
66548675764948 826889724948 1000010066
826889724948 84725383814948 1000010140
89768290768348 6850685548 1000010079
6850685548 777454804948 1000010140
807284675048 6850685548 1000010066
