84505389875748 48687181875748 1000007997
48687181875748 84505389875748 1000007977
84505389875748 897295805248 1000007998
897295805248 5576508248 1000009497
897295805248 72529089537148 1000007980
70488483545048 897295805248 1000010401
95518857768748 5576508248 1000010481
5576508248 75674989958448 1000009509
70835488726848 5576508248 1000009516
747777564948 70488483545048 1000010483
70488483545048 747777564948 1000010438
84875090535448 95518857768748 1000010475
95518857768748 84875090535448 1000010482
