87567583827048 75728495847748 1000010220
87567583827048 49567455488748 1000010220
87567583827048 71577583827048 1000010219
80548490807748 87567583827048 1000010223
71577583827048 72664978865048 1000010208
538283807648 71577583827048 1000010224
71577583827048 538283807648 1000010199
72664978865048 51558252524948 1000010100
72664978865048 70487882956848 1000010100
72664978865048 957568808948 1000010100
72775490767548 538283807648 1000010222
538283807648 67765490907548 1000010209
68679051505148 538283807648 1000010219
