86728772815348 66507672865248 1000007567
86728772815348 78528472865248 1000007567
89724883485748 86728772815348 1000007476
49548472865248 86728772815348 1000007476
57827784555548 66507672865248 1000007502
515755675748 66507672865248 1000007457
66507672865248 8170564948 1000007463
66507672865248 57827784555548 1000007472
84504871555548 78528472865248 1000007502
8066765448 78528472865248 1000007450
78528472865248 8066765448 1000007463
78528472865248 84504871555548 1000007472
89724883485748 80765184496748 1000007465
8066765448 49548472865248 1000007450
49548472865248 8066765448 1000007463
49548472865248 887152706648 1000007465
