81509595505348 879088774948 1000010378
81509595505348 50808757815148 1000007692
81509595505348 55748184575348 1000007988
77505686756748 81509595505348 1000007747
50808757815148 81509595505348 1000007743
879088774948 50845168895248 1000007710
879088774948 55764949685148 1000007710
67535351805148 879088774948 1000010378
879088774948 54495352665348 1000007710
879088774948 774986875448 1000007710
50808757815148 87566884815148 1000007742
525667954948 50808757815148 1000007692
50808757815148 49498857815148 1000007742
50808757815148 577586575548 1000007743
826752705748 50808757815148 1000007692
77505686756748 89675486756748 1000007749
49577082756748 77505686756748 1000007803
57724890756748 77505686756748 1000007803
77505686756748 49577082756748 1000007749
89675486756748 77505686756748 1000007803
